date,open,close,high,low,volume,turnover,amp,change_ratio,change,turnover_ratio
2017-01-03,4.48,5.44,5.44,4.48,1830,1052363.00,26.09,47.83,1.76,0.03
2017-01-04,6.02,6.02,6.02,6.02,1401,887999.00,0.00,10.66,0.58,0.02
2017-01-05,6.65,6.65,6.65,6.65,2449,1706953.00,0.00,10.47,0.63,0.03
2017-01-06,7.35,7.35,7.35,7.35,4712,3614288.00,0.00,10.53,0.70,0.07
2017-01-09,8.12,8.12,8.12,8.12,54080,45643166.00,0.00,10.48,0.77,0.77
2017-01-10,8.91,8.96,8.96,8.49,4255626,3840670928.00,5.79,10.34,0.84,60.80
2017-01-11,8.56,8.20,8.62,8.16,2308745,2017347712.00,5.13,-8.48,-0.76,32.98
2017-01-12,8.07,7.79,8.30,7.77,1635114,1358036624.00,6.46,-5.00,-0.41,23.36
2017-01-13,7.75,7.48,7.83,7.41,1350788,1073863008.00,5.39,-3.98,-0.31,19.30
2017-01-16,7.42,7.61,7.81,7.31,1411736,1113822288.00,6.68,1.74,0.13,20.17
2017-01-17,7.51,7.63,7.77,7.29,1174411,920565936.00,6.31,0.26,0.02,16.78
2017-01-18,7.49,7.34,7.57,7.31,872653,676187888.00,3.41,-3.80,-0.29,12.47
2017-01-19,7.23,7.50,7.71,7.16,1304902,1015345632.00,7.49,2.18,0.16,18.64
2017-01-20,7.46,7.88,8.27,7.44,1689372,1378787408.00,11.07,5.07,0.38,24.13
2017-01-23,7.86,7.82,7.95,7.74,938808,765385472.00,2.66,-0.76,-0.06,13.41
2017-01-24,7.77,7.65,7.84,7.58,765363,611918864.00,3.32,-2.17,-0.17,10.93
2017-01-25,7.61,7.65,7.71,7.58,513166,408871232.00,1.70,0.00,0.00,7.33
2017-01-26,7.61,7.49,7.66,7.43,736631,578068736.00,3.01,-2.09,-0.16,10.52
2017-02-03,7.45,7.41,7.45,7.34,358245,276327184.00,1.47,-1.07,-0.08,5.12
2017-02-06,7.43,7.65,7.66,7.43,700703,552315392.00,3.10,3.24,0.24,10.01
2017-02-07,7.64,7.55,7.72,7.50,666606,528317120.00,2.88,-1.31,-0.10,9.52
2017-02-08,7.52,8.34,8.34,7.42,1833693,1521174384.00,12.19,10.46,0.79,26.20
2017-02-09,8.30,8.82,9.21,8.22,3672012,3318419248.00,11.87,5.76,0.48,52.46
2017-02-10,8.69,8.79,9.01,8.58,2575833,2345788320.00,4.88,-0.34,-0.03,36.80
2017-02-13,8.71,9.03,9.38,8.67,2329474,2173838640.00,8.08,2.73,0.24,33.28
2017-02-14,8.93,9.08,9.40,8.83,1920816,1806179056.00,6.31,0.55,0.05,27.44
2017-02-15,8.98,9.29,10.00,8.89,2463480,2374851056.00,12.22,2.31,0.21,35.19
2017-02-16,9.20,10.25,10.25,9.13,2200535,2218480304.00,12.06,10.33,0.96,31.44
2017-02-17,11.01,10.69,11.31,10.46,3455986,3869934336.00,8.29,4.29,0.44,49.37
2017-02-20,10.73,11.00,11.27,10.29,3054991,3412352656.00,9.17,2.90,0.31,43.64
2017-02-21,10.88,10.58,11.11,10.39,2362707,2602680880.00,6.55,-3.82,-0.42,33.75
2017-02-22,10.44,10.17,10.50,9.97,1981401,2076918592.00,5.01,-3.88,-0.41,28.31
2017-02-23,10.11,10.24,10.31,9.98,1452652,1525169760.00,3.24,0.69,0.07,20.75
2017-02-24,10.15,10.10,10.22,9.83,1211177,1249918512.00,3.81,-1.37,-0.14,17.30
2017-02-27,10.00,9.99,10.20,9.78,1096144,1130620208.00,4.16,-1.09,-0.11,15.66
2017-02-28,9.93,10.52,10.54,9.91,1886160,2009803904.00,6.31,5.31,0.53,26.95
2017-03-01,10.48,10.32,10.78,10.28,1517013,1637893152.00,4.75,-1.90,-0.20,21.67
2017-03-02,10.29,10.64,11.28,10.29,2186048,2438588464.00,9.59,3.10,0.32,31.23
2017-03-03,10.48,10.18,10.48,10.11,1254270,1326349872.00,3.48,-4.32,-0.46,17.92
2017-03-06,10.18,10.58,10.68,10.10,1307278,1408876352.00,5.70,3.93,0.40,18.68
2017-03-07,10.51,10.91,10.93,10.39,1444842,1583419648.00,5.10,3.12,0.33,20.64
2017-03-08,10.92,10.90,11.05,10.73,1427562,1597653392.00,2.93,-0.09,-0.01,20.39
2017-03-09,10.84,11.11,11.22,10.58,1712815,1928665632.00,5.87,1.93,0.21,24.47
2017-03-10,10.99,10.64,11.27,10.62,1498246,1684460784.00,5.85,-4.23,-0.47,21.40
2017-03-13,10.38,10.44,10.53,10.09,1008111,1072776112.00,4.14,-1.88,-0.20,14.40
2017-03-14,10.38,10.31,10.65,10.25,858495,924032144.00,3.83,-1.25,-0.13,12.26
2017-03-15,10.24,10.38,10.58,10.20,782842,837656256.00,3.69,0.68,0.07,11.18
2017-03-16,10.53,11.45,11.45,10.53,1899711,2210746592.00,8.86,10.31,1.07,27.14
2017-03-17,12.63,12.00,12.63,11.92,4325872,5519781120.00,6.20,4.80,0.55,61.80
2017-03-20,12.27,12.02,12.32,11.74,2527373,3127466272.00,4.83,0.17,0.02,36.11
2017-03-21,11.88,12.00,12.13,11.65,1770464,2160555232.00,3.99,-0.17,-0.02,25.29
2017-03-22,11.81,12.02,12.23,11.63,1720865,2110275568.00,5.00,0.17,0.02,24.58
2017-03-23,11.83,11.96,12.41,11.68,2101803,2600501648.00,6.07,-0.50,-0.06,30.03
2017-03-24,11.78,12.24,12.26,11.60,1921805,2355274464.00,5.52,2.34,0.28,27.46
2017-03-27,12.30,12.67,13.32,12.20,2392458,3133033952.00,9.15,3.51,0.43,34.18
2017-03-28,12.49,12.94,13.09,12.38,1605478,2086726384.00,5.60,2.13,0.27,22.94
2017-03-29,12.79,11.67,12.97,11.61,2142901,2721415568.00,10.51,-9.81,-1.27,30.61
2017-03-30,11.25,11.15,11.61,11.11,1541040,1796099888.00,4.28,-4.46,-0.52,22.02
2017-03-31,11.23,11.34,11.53,11.15,1163838,1359087328.00,3.41,1.70,0.19,16.63
2017-04-05,11.18,11.50,11.58,10.69,1270985,1468103648.00,7.85,1.41,0.16,18.16
2017-04-06,11.40,11.60,11.63,11.30,949312,1119521712.00,2.87,0.87,0.10,13.56
2017-04-07,11.53,11.47,11.85,11.42,935906,1118066576.00,3.71,-1.12,-0.13,13.37
2017-04-10,11.34,10.96,11.34,10.85,970130,1109031744.00,4.27,-4.45,-0.51,13.86
2017-04-11,10.86,11.56,11.58,10.80,1163944,1339357904.00,7.12,5.47,0.60,16.63
2017-04-12,11.64,11.53,11.98,11.40,1324822,1590971504.00,5.02,-0.26,-0.03,18.93
2017-04-13,11.42,11.37,11.56,11.19,657136,768857088.00,3.21,-1.39,-0.16,9.39
2017-04-14,11.30,11.08,11.36,10.98,620899,711031408.00,3.34,-2.55,-0.29,8.87
2017-04-17,10.60,10.67,10.97,10.38,690511,756784384.00,5.32,-3.70,-0.41,9.86
2017-04-18,10.62,10.20,10.78,10.18,598301,645746800.00,5.62,-4.40,-0.47,8.55
2017-04-19,10.13,10.30,10.43,10.04,671758,712787680.00,3.82,0.98,0.10,9.60
2017-04-20,10.26,10.05,10.40,9.70,712664,739589296.00,6.80,-2.43,-0.25,10.18
2017-04-21,10.10,9.73,10.15,9.68,516637,527050576.00,4.68,-3.18,-0.32,7.38
2017-04-24,9.69,9.41,9.70,9.14,556651,542284576.00,5.76,-3.29,-0.32,7.95
2017-04-25,9.48,9.46,9.63,9.41,400891,394285856.00,2.34,0.53,0.05,5.73
2017-04-26,9.35,10.00,10.43,9.34,1060797,1094554800.00,11.52,5.71,0.54,15.15
2017-04-27,9.83,10.28,10.38,9.75,1098260,1140784240.00,6.30,2.80,0.28,15.69
2017-04-28,10.20,10.20,10.28,10.07,542255,569041968.00,2.04,-0.78,-0.08,7.75
2017-05-02,10.10,10.24,10.26,10.03,471646,492677728.00,2.25,0.39,0.04,6.74
2017-05-03,10.18,10.08,10.33,9.95,579094,603873936.00,3.71,-1.56,-0.16,8.27
2017-05-04,9.98,10.07,10.30,9.84,593013,618412336.00,4.56,-0.10,-0.01,8.47
2017-05-05,10.03,9.78,10.29,9.76,682547,703285232.00,5.26,-2.88,-0.29,9.75
2017-05-08,9.53,9.55,9.86,9.48,511565,510596960.00,3.89,-2.35,-0.23,7.31
2017-05-09,9.52,9.91,10.04,9.52,616563,627063056.00,5.45,3.77,0.36,8.81
2017-05-10,9.83,10.03,10.59,9.73,1196340,1252102944.00,8.68,1.21,0.12,17.09
2017-05-11,9.74,10.26,10.34,9.62,1096826,1145208320.00,7.18,2.29,0.23,15.67
2017-05-12,10.16,10.47,10.72,10.12,1241668,1338555248.00,5.85,2.05,0.21,17.74
2017-05-15,10.29,10.20,10.64,10.19,759235,810353328.00,4.30,-2.58,-0.27,10.85
2017-05-16,10.15,10.66,10.67,10.04,1067194,1149129344.00,6.18,4.51,0.46,15.25
2017-05-17,10.59,10.50,10.79,10.43,892946,972090960.00,3.38,-1.50,-0.16,12.76
2017-05-18,10.34,10.15,10.45,10.10,575760,609977424.00,3.33,-3.33,-0.35,8.23
2017-05-19,10.11,10.02,10.31,9.94,418687,436056736.00,3.65,-1.28,-0.13,5.98
2017-05-22,9.88,9.61,9.97,9.51,502740,507197056.00,4.59,-4.09,-0.41,7.18
2017-05-23,9.61,9.42,9.82,9.28,496263,491503712.00,5.62,-1.98,-0.19,7.09
2017-05-24,9.34,9.63,9.73,9.34,409373,405414080.00,4.14,2.23,0.21,5.85
2017-05-25,9.55,10.08,10.48,9.26,1043399,1061701232.00,12.67,4.67,0.45,14.91
2017-05-26,9.93,9.83,10.07,9.80,559214,572791552.00,2.68,-2.48,-0.25,7.99
2017-05-31,10.25,9.89,10.48,9.86,732336,767039632.00,6.31,0.61,0.06,10.46
2017-06-01,9.76,9.66,9.96,9.63,593464,599018656.00,3.34,-2.33,-0.23,8.48
2017-06-02,9.58,9.79,9.86,9.45,502977,503421248.00,4.24,1.35,0.13,7.19
2017-06-05,9.78,9.82,9.92,9.73,313395,317566384.00,1.94,0.31,0.03,4.48
2017-06-06,9.79,9.86,9.92,9.76,276425,280532400.00,1.63,0.41,0.04,3.95
2017-06-07,9.85,10.13,10.18,9.83,700995,727692416.00,3.55,2.74,0.27,10.01
2017-06-08,10.02,9.94,10.10,9.89,522979,539403200.00,2.07,-1.88,-0.19,7.47
2017-06-09,9.94,9.81,10.03,9.69,544816,553301696.00,3.42,-1.31,-0.13,7.78
2017-06-12,9.78,9.56,9.78,9.53,299489,295564960.00,2.55,-2.55,-0.25,4.28
2017-06-13,9.52,9.74,9.85,9.52,274282,272162416.00,3.45,1.88,0.18,3.92
2017-06-14,9.73,9.75,9.84,9.65,242482,241162360.00,1.95,0.10,0.01,3.46
2017-06-15,9.80,9.91,10.09,9.75,490211,495498624.00,3.49,1.64,0.16,7.00
2017-06-16,9.88,9.81,9.94,9.77,288413,289671792.00,1.72,-1.01,-0.10,4.12
2017-06-19,9.83,10.22,10.43,9.82,1006542,1046522384.00,6.22,4.18,0.41,14.38
2017-06-20,10.22,10.14,10.22,10.05,623461,643578000.00,1.66,-0.78,-0.08,8.91
2017-06-21,10.36,10.10,10.36,9.95,639516,659856432.00,4.04,-0.39,-0.04,9.14
2017-06-22,10.01,10.06,10.68,9.98,977721,1023313824.00,6.93,-0.40,-0.04,13.97
2017-06-23,9.95,9.96,10.01,9.73,622532,627860688.00,2.78,-0.99,-0.10,8.89
2017-06-26,9.90,10.02,10.09,9.89,415427,423314288.00,2.01,0.60,0.06,5.93
2017-06-27,10.01,9.99,10.09,9.93,264813,269790016.00,1.60,-0.30,-0.03,3.78
2017-06-28,9.94,9.87,9.97,9.86,275360,278165264.00,1.10,-1.20,-0.12,3.93
2017-06-29,9.87,9.93,9.99,9.87,222348,225237882.00,1.22,0.61,0.06,3.18
2017-06-30,9.90,9.86,9.95,9.82,236442,238045462.00,1.31,-0.70,-0.07,3.38
2017-07-03,9.88,9.88,9.90,9.78,209143,209888630.00,1.22,0.20,0.02,2.99
2017-07-04,9.89,9.82,9.98,9.79,226116,227421412.00,1.92,-0.61,-0.06,3.23
2017-07-05,9.80,9.92,9.93,9.79,364997,367977840.00,1.43,1.02,0.10,5.21
2017-07-06,9.89,9.77,9.89,9.70,388468,388011952.00,1.92,-1.51,-0.15,5.55
2017-07-07,9.76,9.90,10.04,9.66,512974,514606016.00,3.89,1.33,0.13,7.33
2017-07-10,9.85,9.87,10.08,9.79,516012,522850272.00,2.93,-0.30,-0.03,7.37
2017-07-11,9.83,9.69,9.93,9.68,393140,393582496.00,2.53,-1.82,-0.18,5.62
2017-07-12,9.69,9.48,9.75,9.31,386402,374945632.00,4.54,-2.17,-0.21,5.52
2017-07-13,9.50,9.55,9.68,9.42,288847,280997392.00,2.74,0.74,0.07,4.13
2017-07-14,9.55,9.45,9.65,9.42,205816,200028191.00,2.41,-1.05,-0.10,2.94
2017-07-17,9.42,8.49,9.44,8.49,523973,471916656.00,10.05,-10.16,-0.96,7.49
2017-07-18,8.46,8.49,8.61,8.23,282805,243856481.00,4.48,0.00,0.00,4.04
2017-07-19,8.40,8.79,8.83,8.33,540371,479170512.00,5.89,3.53,0.30,7.72
2017-07-20,8.78,8.68,8.88,8.67,340304,304379504.00,2.39,-1.25,-0.11,4.86
2017-07-21,8.65,8.49,8.73,8.46,256155,225080800.00,3.11,-2.19,-0.19,3.66
2017-07-24,8.46,8.52,8.54,8.40,224308,194609024.00,1.65,0.35,0.03,3.20
2017-07-25,8.50,8.42,8.54,8.39,185490,160466780.00,1.76,-1.17,-0.10,2.65
2017-07-26,8.42,8.36,8.49,8.31,191613,164717321.00,2.14,-0.71,-0.06,2.74
2017-07-27,8.35,8.54,8.75,8.16,417482,361306064.00,7.06,2.15,0.18,5.96
2017-07-28,8.47,8.41,8.52,8.40,191482,165748655.00,1.41,-1.52,-0.13,2.74
2017-07-31,8.41,8.48,8.55,8.39,212118,184383535.00,1.90,0.83,0.07,3.03
2017-08-01,8.48,8.66,8.85,8.48,502285,446871840.00,4.36,2.12,0.18,7.18
2017-08-02,8.64,9.00,9.27,8.57,924659,844963264.00,8.08,3.93,0.34,13.21
2017-08-03,8.99,8.85,9.01,8.78,501214,455152032.00,2.56,-1.67,-0.15,7.16
2017-08-04,8.86,8.87,9.08,8.77,494857,452813344.00,3.50,0.23,0.02,7.07
2017-08-07,8.83,8.85,8.96,8.78,244795,221544455.00,2.03,-0.23,-0.02,3.50
2017-08-08,8.82,8.89,8.95,8.67,351938,317019872.00,3.16,0.45,0.04,5.03
2017-08-09,8.82,8.72,8.85,8.71,216667,194136239.00,1.57,-1.91,-0.17,3.10
2017-08-10,8.77,8.77,9.08,8.71,341509,309600448.00,4.24,0.57,0.05,4.88
2017-08-11,8.68,8.44,8.73,8.43,317436,278374192.00,3.42,-3.76,-0.33,4.53
2017-08-14,8.45,8.57,8.59,8.44,163514,142836679.00,1.78,1.54,0.13,2.34
2017-08-15,8.62,8.56,8.65,8.51,148718,130545614.00,1.63,-0.12,-0.01,2.12
2017-08-16,8.57,8.61,8.68,8.51,215781,189951227.00,1.99,0.58,0.05,3.08
2017-08-17,8.57,8.67,8.67,8.56,212831,187674420.00,1.28,0.70,0.06,3.04
2017-08-18,8.61,8.58,8.63,8.53,169479,148757590.00,1.15,-1.04,-0.09,2.42
2017-08-21,8.60,8.64,8.64,8.57,148572,130857380.00,0.82,0.70,0.06,2.12
2017-08-22,8.63,8.60,8.69,8.55,219886,194024180.00,1.62,-0.46,-0.04,3.14
2017-08-23,8.59,8.69,8.84,8.57,363758,323408944.00,3.14,1.05,0.09,5.20
2017-08-24,8.63,8.49,8.66,8.47,246823,216217661.00,2.19,-2.30,-0.20,3.53
2017-08-25,8.46,8.72,8.87,8.45,527125,469600368.00,4.95,2.71,0.23,7.53
2017-08-28,8.73,9.61,9.61,8.73,1897567,1805025760.00,10.09,10.21,0.89,27.11
2017-08-29,9.49,9.30,9.55,9.27,1258192,1204749056.00,2.91,-3.23,-0.31,17.97
2017-08-30,9.25,9.35,9.70,9.23,986074,956001376.00,5.05,0.54,0.05,14.09
2017-08-31,9.29,9.69,9.80,9.25,1201916,1181392032.00,5.88,3.64,0.34,17.17
2017-09-01,9.63,9.67,9.74,9.51,681673,669153312.00,2.37,-0.21,-0.02,9.74
2017-09-04,9.61,9.59,9.72,9.52,446917,437214736.00,2.07,-0.83,-0.08,6.38
2017-09-05,9.59,9.50,9.70,9.46,475424,464517216.00,2.50,-0.94,-0.09,6.79
2017-09-06,9.41,9.44,9.51,9.30,417534,400194368.00,2.21,-0.63,-0.06,5.96
2017-09-07,9.46,9.27,9.51,9.25,365240,349735712.00,2.75,-1.80,-0.17,5.22
2017-09-08,9.25,9.32,9.43,9.25,237642,226315356.00,1.94,0.54,0.05,3.39
2017-09-11,9.30,9.39,9.43,9.25,224013,213945939.00,1.93,0.75,0.07,3.20
2017-09-12,9.41,9.42,9.58,9.35,443471,428312032.00,2.45,0.32,0.03,6.34
2017-09-13,9.37,9.31,9.42,9.24,297403,282690880.00,1.91,-1.17,-0.11,4.25
2017-09-14,9.30,9.29,9.44,9.26,268827,256764359.00,1.93,-0.21,-0.02,3.84
2017-09-15,9.27,9.40,9.50,9.20,491261,471573184.00,3.23,1.18,0.11,7.02
2017-09-18,9.41,9.58,9.70,9.38,689825,675290752.00,3.40,1.91,0.18,9.85
2017-09-19,9.50,9.37,9.55,9.29,390492,375616640.00,2.71,-2.19,-0.21,5.58
2017-09-20,9.34,9.37,9.47,9.31,267721,256634882.00,1.71,0.00,0.00,3.82
2017-09-21,9.34,9.38,9.58,9.34,381558,368372608.00,2.56,0.11,0.01,5.45
2017-09-22,9.30,9.19,9.33,9.13,302059,284061184.00,2.13,-2.03,-0.19,4.32
2017-09-25,9.15,8.87,9.17,8.82,277269,254906607.00,3.81,-3.48,-0.32,3.96
2017-09-26,8.92,8.92,8.97,8.86,138217,125884042.00,1.24,0.56,0.05,1.97
2017-09-27,8.94,8.90,8.97,8.88,133462,121616838.00,1.01,-0.22,-0.02,1.91
2017-09-28,8.88,8.85,8.91,8.81,160015,144906742.00,1.12,-0.56,-0.05,2.29
2017-09-29,8.90,9.03,9.09,8.86,236468,217879897.00,2.60,2.03,0.18,3.38
2017-10-09,9.23,9.04,9.30,9.03,181147,168432519.00,2.99,0.11,0.01,2.59
2017-10-10,8.99,9.07,9.12,8.93,169178,155933606.00,2.10,0.33,0.03,2.42
2017-10-11,9.07,9.16,9.28,9.02,329176,308691984.00,2.87,0.99,0.09,4.70
2017-10-12,9.12,9.12,9.25,9.05,181911,169762636.00,2.18,-0.44,-0.04,2.60
2017-10-13,9.13,9.13,9.19,9.04,156428,145614500.00,1.64,0.11,0.01,2.23
2017-10-16,9.09,8.95,9.23,8.95,217589,202362844.00,3.07,-1.97,-0.18,3.11
2017-10-17,8.91,8.91,8.99,8.82,148009,134621720.00,1.90,-0.45,-0.04,2.11
2017-10-18,8.91,8.75,8.95,8.71,145271,131470079.00,2.69,-1.80,-0.16,2.08
2017-10-19,8.73,8.49,8.77,8.41,227354,198688668.00,4.11,-2.97,-0.26,3.25
2017-10-20,8.47,8.55,8.57,8.45,99537,86957344.00,1.41,0.71,0.06,1.42
2017-10-23,8.57,8.60,8.60,8.47,107009,93566788.00,1.52,0.58,0.05,1.53
2017-10-24,8.58,8.63,8.68,8.55,124823,110273583.00,1.51,0.35,0.03,1.78
2017-10-25,8.63,8.66,8.66,8.55,101863,89699839.00,1.27,0.35,0.03,1.46
2017-10-26,8.60,8.69,8.83,8.59,166077,148203574.00,2.77,0.35,0.03,2.37
2017-10-27,8.70,8.56,8.72,8.52,109233,95516684.00,2.30,-1.50,-0.13,1.56
2017-10-30,8.54,8.13,8.54,8.10,231956,193866142.00,5.14,-5.02,-0.43,3.31
2017-10-31,8.07,8.12,8.18,8.04,121731,100202869.00,1.72,-0.12,-0.01,1.74
2017-11-01,8.13,8.14,8.23,8.10,109689,90868646.00,1.60,0.25,0.02,1.57
2017-11-02,8.10,8.07,8.24,7.97,156312,128558145.00,3.32,-0.86,-0.07,2.23
2017-11-03,8.00,7.93,8.05,7.87,132563,107171073.00,2.23,-1.73,-0.14,1.89
2017-11-06,7.90,7.86,7.95,7.72,136981,108889597.00,2.90,-0.88,-0.07,1.96
2017-11-07,7.86,7.98,8.09,7.84,189590,153254957.00,3.18,1.53,0.12,2.71
2017-11-08,7.99,8.11,8.36,7.93,326032,269690832.00,5.39,1.63,0.13,4.66
2017-11-09,8.05,8.06,8.13,8.01,132417,108410168.00,1.48,-0.62,-0.05,1.89
2017-11-10,8.07,8.12,8.22,8.03,191870,158502362.00,2.36,0.74,0.06,2.74
2017-11-13,8.13,8.07,8.20,8.02,133854,110402769.00,2.22,-0.62,-0.05,1.91
2017-11-14,8.04,7.90,8.05,7.88,152888,123374399.00,2.11,-2.11,-0.17,2.18
2017-11-15,7.89,7.85,7.96,7.82,106544,85460062.00,1.77,-0.63,-0.05,1.52
2017-11-16,7.84,7.79,7.88,7.74,111463,88474627.00,1.78,-0.76,-0.06,1.59
2017-11-17,7.77,7.30,7.82,7.20,274884,207407767.00,7.96,-6.29,-0.49,3.93
2017-11-20,7.25,7.11,7.26,6.90,182434,130987367.00,4.93,-2.60,-0.19,2.61
2017-11-21,7.08,7.26,7.43,7.08,236987,176078147.00,4.92,2.11,0.15,3.39
2017-11-22,7.22,7.26,7.30,7.09,173186,126820802.00,2.89,0.00,0.00,2.47
2017-11-23,7.22,7.03,7.29,6.94,141121,102346657.00,4.82,-3.17,-0.23,2.02
2017-11-24,6.98,6.96,7.07,6.95,112772,80260281.00,1.71,-1.00,-0.07,1.61
2017-11-27,6.99,6.93,7.05,6.92,98967,70221158.00,1.87,-0.43,-0.03,1.41
2017-11-28,6.93,6.99,6.99,6.93,74188,52602134.00,0.87,0.87,0.06,1.06
2017-11-29,6.97,7.05,7.10,6.81,192152,136484525.00,4.15,0.86,0.06,2.75
2017-11-30,6.98,6.94,7.07,6.91,140172,99619506.00,2.27,-1.56,-0.11,2.00
2017-12-01,6.92,6.95,7.00,6.91,80684,57138599.00,1.30,0.14,0.01,1.15
2017-12-04,6.66,6.24,6.68,6.24,480970,315671776.00,6.33,-10.22,-0.71,6.87
2017-12-05,6.18,6.00,6.32,5.98,281007,175765224.00,5.45,-3.85,-0.24,4.01
2017-12-06,5.99,6.09,6.10,5.99,160453,99030952.00,1.83,1.50,0.09,2.29
2017-12-07,6.08,6.02,6.08,6.01,122200,75324066.00,1.15,-1.15,-0.07,1.75
2017-12-08,6.00,6.06,6.10,5.98,157871,97533626.00,1.99,0.66,0.04,2.26
2017-12-11,6.04,6.11,6.12,6.03,126837,78809532.00,1.49,0.83,0.05,1.81
2017-12-12,6.09,5.92,6.10,5.91,157905,96862992.00,3.11,-3.11,-0.19,2.26
2017-12-13,5.88,6.03,6.03,5.88,153796,94025402.00,2.53,1.86,0.11,2.20
2017-12-14,6.02,5.98,6.06,5.95,109482,67066463.00,1.82,-0.83,-0.05,1.56
2017-12-15,5.98,5.99,6.03,5.93,104713,63999018.00,1.67,0.17,0.01,1.50
2017-12-18,5.98,5.95,6.03,5.90,102891,62604938.00,2.17,-0.67,-0.04,1.47
2017-12-19,5.95,6.03,6.04,5.94,142086,87085497.00,1.68,1.34,0.08,2.03
2017-12-20,6.01,5.94,6.01,5.90,132719,80659191.00,1.82,-1.49,-0.09,1.90
2017-12-21,5.93,5.95,6.02,5.87,149997,91209762.00,2.53,0.17,0.01,2.14
2017-12-22,5.94,5.80,5.94,5.78,178568,106410074.00,2.69,-2.52,-0.15,2.55
2017-12-25,5.78,5.58,5.83,5.55,192841,111353167.00,4.83,-3.79,-0.22,2.75
2017-12-26,5.54,5.78,5.84,5.51,257276,150109429.00,5.91,3.58,0.20,3.68
2017-12-27,5.74,5.77,5.82,5.68,188367,110783600.00,2.42,-0.17,-0.01,2.69
2017-12-28,5.73,6.36,6.36,5.68,1062228,682034336.00,11.79,10.23,0.59,15.18
2017-12-29,6.17,6.04,6.25,6.00,759850,474989744.00,3.93,-5.03,-0.32,10.86
2018-01-02,6.02,6.13,6.19,5.96,481074,298756016.00,3.81,1.49,0.09,6.87
2018-01-03,6.08,6.21,6.36,6.00,614347,388453360.00,5.87,1.31,0.08,3.41
2018-01-04,6.14,6.37,6.38,6.12,525082,334573872.00,4.19,2.58,0.16,2.91
2018-01-05,6.34,6.46,6.73,6.29,653363,434582816.00,6.91,1.41,0.09,3.62
2018-01-08,6.39,6.55,6.74,6.32,570131,380081712.00,6.50,1.39,0.09,3.16
2018-01-09,6.49,6.42,6.55,6.38,336423,221180053.00,2.60,-1.98,-0.13,1.87
2018-01-10,6.39,6.41,6.59,6.29,310709,203752738.00,4.67,-0.16,-0.01,1.72
2018-01-11,6.32,6.38,6.44,6.29,220584,143287029.00,2.34,-0.47,-0.03,1.22
2018-01-12,6.38,6.33,6.43,6.32,178195,115707196.00,1.72,-0.78,-0.05,0.99
2018-01-15,6.27,6.10,6.31,6.09,231165,146297570.00,3.48,-3.63,-0.23,1.28
2018-01-16,6.07,6.55,6.67,6.07,401101,259333152.00,9.84,7.38,0.45,2.22
2018-01-17,6.57,6.96,7.22,6.55,1118196,791069184.00,10.23,6.26,0.41,6.20
2018-01-18,6.86,6.91,7.02,6.80,510635,358276240.00,3.16,-0.72,-0.05,2.83
2018-01-19,6.91,7.50,7.61,6.85,1316005,985506384.00,11.00,8.54,0.59,7.30
2018-01-22,7.32,7.41,7.53,7.22,760058,567314192.00,4.13,-1.20,-0.09,4.22
2018-01-23,7.36,7.49,7.62,7.31,602296,457317952.00,4.18,1.08,0.08,3.34
2018-01-24,7.52,7.51,7.64,7.22,777919,591309120.00,5.61,0.27,0.02,4.32
2018-01-25,7.38,7.19,7.38,7.18,487732,361439984.00,2.66,-4.26,-0.32,2.71
2018-01-26,7.15,7.16,7.33,7.14,309379,227839202.00,2.64,-0.42,-0.03,1.72
2018-01-29,7.21,7.02,7.24,6.97,291005,209887272.00,3.77,-1.96,-0.14,1.61
2018-01-30,7.10,7.06,7.19,6.99,237258,171153244.00,2.85,0.57,0.04,1.32
2018-01-31,7.02,6.88,7.10,6.75,327448,231267323.00,4.96,-2.55,-0.18,1.82
2018-02-01,6.94,6.64,7.01,6.49,370480,258313086.00,7.56,-3.49,-0.24,2.06
2018-02-02,6.48,6.59,6.62,6.20,285931,188787232.00,6.33,-0.75,-0.05,1.59
2018-02-05,6.45,6.78,6.84,6.38,264818,180362941.00,6.98,2.88,0.19,1.47
2018-02-06,6.67,6.41,6.96,6.35,429635,294499856.00,9.00,-5.46,-0.37,2.38
2018-02-07,6.69,6.49,6.76,6.35,355800,237822196.00,6.40,1.25,0.08,1.97
2018-02-08,6.46,6.57,6.63,6.43,239109,159563815.00,3.08,1.23,0.08,1.33
2018-02-09,6.43,6.03,6.45,5.91,353309,221735396.00,8.22,-8.22,-0.54,1.96
2018-02-12,6.04,6.08,6.15,6.02,163540,101611980.00,2.16,0.83,0.05,0.91
2018-02-13,6.12,6.03,6.21,6.00,181895,113816804.00,3.45,-0.82,-0.05,1.01
2018-02-14,5.97,5.94,6.05,5.88,148431,90115613.00,2.82,-1.49,-0.09,0.82
2018-02-22,6.00,6.08,6.13,5.97,169366,104764193.00,2.69,2.36,0.14,0.94
2018-02-23,6.06,6.16,6.23,6.06,168713,106038103.00,2.80,1.32,0.08,0.94
2018-02-26,6.19,6.38,6.42,6.10,265565,170110603.00,5.19,3.57,0.22,1.47
2018-02-27,6.35,6.28,6.35,6.23,189972,121904603.00,1.88,-1.57,-0.10,1.05
2018-02-28,6.19,6.31,6.40,6.13,240579,153816495.00,4.30,0.48,0.03,1.33
2018-03-01,6.25,6.33,6.34,6.20,169052,108583993.00,2.22,0.32,0.02,0.94
2018-03-02,6.27,6.24,6.37,6.23,159890,102616965.00,2.21,-1.42,-0.09,0.89
2018-03-05,6.22,6.25,6.33,6.22,107263,68517586.00,1.76,0.16,0.01,0.60
2018-03-06,6.27,6.45,6.51,6.26,340248,222023497.00,4.00,3.20,0.20,1.89
2018-03-07,6.43,6.32,6.53,6.30,240080,156725108.00,3.57,-2.02,-0.13,1.33
2018-03-08,6.29,6.32,6.37,6.27,142997,92080222.00,1.58,0.00,0.00,0.79
2018-03-09,6.28,6.44,6.45,6.28,219859,142896109.00,2.69,1.90,0.12,1.22
2018-03-12,6.51,6.66,6.80,6.42,425078,287104304.00,5.90,3.42,0.22,2.36
2018-03-13,6.61,6.53,6.62,6.52,250588,167562226.00,1.50,-1.95,-0.13,1.39
2018-03-14,6.49,6.48,6.62,6.46,161180,107408215.00,2.45,-0.77,-0.05,0.89
2018-03-15,6.46,6.40,6.52,6.29,173083,113044644.00,3.55,-1.23,-0.08,0.96
2018-03-16,6.41,6.30,6.45,6.29,128369,83496845.00,2.50,-1.56,-0.10,0.71
2018-03-19,6.30,6.35,6.37,6.24,118265,76206944.00,2.06,0.79,0.05,0.66
2018-03-20,6.28,6.27,6.29,6.13,164134,104213146.00,2.52,-1.26,-0.08,0.91
2018-03-21,6.25,6.37,6.65,6.25,384122,252916134.00,6.38,1.59,0.10,2.13
2018-03-22,6.33,6.30,6.44,6.27,203047,131358925.00,2.67,-1.10,-0.07,1.13
2018-03-23,6.07,5.80,6.12,5.71,324736,197700350.00,6.51,-7.94,-0.50,1.80
2018-03-26,5.72,5.92,5.93,5.61,170185,100823997.00,5.52,2.07,0.12,0.94
2018-03-27,5.99,6.06,6.10,5.95,190604,117271175.00,2.53,2.36,0.14,1.06
2018-03-28,5.95,5.98,6.09,5.92,133023,81711372.00,2.81,-1.32,-0.08,0.74
2018-03-29,6.04,6.13,6.23,5.99,227596,142418702.00,4.01,2.51,0.15,1.26
2018-03-30,6.15,6.13,6.17,6.07,155215,96928970.00,1.63,0.00,0.00,0.86
2018-04-02,6.13,6.15,6.32,6.02,220422,139876340.00,4.89,0.33,0.02,1.22
2018-04-03,6.05,6.09,6.16,6.01,145575,90302828.00,2.44,-0.98,-0.06,0.81
2018-04-04,6.12,6.04,6.22,6.02,142393,89039883.00,3.28,-0.82,-0.05,0.79
2018-04-09,5.98,6.02,6.07,5.91,140269,85935345.00,2.65,-0.33,-0.02,0.78
2018-04-10,6.03,6.15,6.25,6.01,207059,129623167.00,3.99,2.16,0.13,1.15
2018-04-11,6.15,6.15,6.19,6.09,157820,98913643.00,1.63,0.00,0.00,0.88
2018-04-12,6.14,6.11,6.22,6.10,147738,92860292.00,1.95,-0.65,-0.04,0.82
2018-04-13,6.14,6.02,6.18,6.02,151819,94320357.00,2.62,-1.47,-0.09,0.84
2018-04-16,5.92,5.90,6.02,5.89,128096,77802948.00,2.16,-1.99,-0.12,0.71
2018-04-17,5.91,5.89,6.05,5.87,135938,82725407.00,3.05,-0.17,-0.01,0.75
2018-04-18,5.98,5.95,6.01,5.84,120688,73055719.00,2.89,1.02,0.06,0.67
2018-04-19,5.95,5.96,6.05,5.92,133394,81433528.00,2.18,0.17,0.01,0.74
2018-04-20,5.93,5.78,5.95,5.76,147128,88030985.00,3.19,-3.02,-0.18,0.82
2018-04-23,5.78,5.83,5.86,5.75,87419,51867888.00,1.90,0.87,0.05,0.48
2018-04-24,5.84,5.96,5.96,5.83,137390,83243103.00,2.23,2.23,0.13,0.76
2018-04-25,5.93,5.93,5.95,5.89,86332,52227523.00,1.01,-0.50,-0.03,0.48
2018-04-26,5.93,5.76,5.97,5.75,101667,60826883.00,3.71,-2.87,-0.17,0.56
2018-04-27,5.80,5.81,5.89,5.77,81478,48486605.00,2.08,0.87,0.05,0.45
2018-05-02,5.88,5.85,5.94,5.82,79560,47699772.00,2.07,0.69,0.04,0.44
2018-05-03,5.83,5.98,5.99,5.81,197722,120116781.00,3.08,2.22,0.13,1.10
2018-05-04,5.96,5.91,5.96,5.89,98551,59609635.00,1.17,-1.17,-0.07,0.55
2018-05-07,5.95,5.97,5.98,5.92,108307,65957435.00,1.02,1.02,0.06,0.60
2018-05-08,5.99,5.98,6.01,5.95,117973,72020869.00,1.01,0.17,0.01,0.65
2018-05-09,5.98,5.92,5.98,5.91,99081,60017900.00,1.17,-1.00,-0.06,0.55
2018-05-10,5.95,5.95,5.96,5.91,85399,51768753.00,0.84,0.51,0.03,0.47
2018-05-11,5.96,5.87,5.98,5.86,102260,61639416.00,2.02,-1.34,-0.08,0.57
2018-05-14,5.86,5.83,5.91,5.82,77962,46779097.00,1.53,-0.68,-0.04,0.43
2018-05-15,5.81,5.85,5.85,5.77,90471,53801187.00,1.37,0.34,0.02,0.50
2018-05-16,5.82,5.77,5.83,5.76,83985,49785746.00,1.20,-1.37,-0.08,0.47
2018-05-17,5.76,5.75,5.80,5.74,63773,37565680.00,1.04,-0.35,-0.02,0.35
2018-05-18,5.75,5.81,5.82,5.72,88349,52130378.00,1.74,1.04,0.06,0.49
2018-05-21,5.83,5.85,5.90,5.83,107779,64540280.00,1.20,0.69,0.04,0.60
2018-05-22,5.85,5.86,5.87,5.80,88013,52422980.00,1.20,0.17,0.01,0.49
2018-05-23,5.86,5.74,5.86,5.74,94791,56104544.00,2.05,-2.05,-0.12,0.53
2018-05-24,5.73,5.71,5.77,5.70,57336,33618759.00,1.22,-0.52,-0.03,0.32
2018-05-25,5.69,5.63,5.73,5.62,80165,46447473.00,1.93,-1.40,-0.08,0.44
2018-05-28,5.62,5.57,5.63,5.53,91289,52157167.00,1.78,-1.07,-0.06,0.51
2018-05-29,5.56,5.49,5.60,5.47,85392,48264359.00,2.33,-1.44,-0.08,0.47
2018-05-30,5.40,5.22,5.42,5.21,123186,67136151.00,3.83,-4.92,-0.27,0.68
2018-05-31,5.27,5.28,5.31,5.22,67227,36316708.00,1.72,1.15,0.06,0.37
2018-06-01,5.28,5.35,5.50,5.23,120407,65450703.00,5.11,1.33,0.07,0.67
2018-06-04,5.36,5.30,5.38,5.28,68233,36959126.00,1.87,-0.93,-0.05,0.38
2018-06-05,5.31,5.33,5.35,5.28,66586,35978477.00,1.32,0.57,0.03,0.37
2018-06-06,5.33,5.31,5.37,5.29,83580,45240039.00,1.50,-0.38,-0.02,0.46
2018-06-07,5.35,5.36,5.46,5.31,158795,86905773.00,2.82,0.94,0.05,0.88
2018-06-08,5.36,5.21,5.36,5.13,157305,83398110.00,4.29,-2.80,-0.15,0.87
2018-06-11,5.18,5.21,5.29,5.15,101034,53749767.00,2.69,0.00,0.00,0.56
2018-06-12,5.21,5.26,5.28,5.18,77065,41080219.00,1.92,0.96,0.05,0.43
2018-06-13,5.25,5.16,5.25,5.13,64621,34164084.00,2.28,-1.90,-0.10,0.36
2018-06-14,5.15,5.16,5.22,5.14,68687,36191445.00,1.55,0.00,0.00,0.38
2018-06-15,5.16,4.98,5.21,4.93,135928,69959810.00,5.43,-3.49,-0.18,0.75
2018-06-19,4.89,4.52,4.89,4.47,193827,92498072.00,8.43,-9.24,-0.46,1.08
2018-06-20,4.48,4.45,4.59,4.27,160751,73558212.00,7.08,-1.55,-0.07,0.89
2018-06-21,4.46,4.29,4.49,4.27,133896,59826304.00,4.94,-3.60,-0.16,0.74
2018-06-22,4.28,4.38,4.39,4.21,120038,53269226.00,4.20,2.10,0.09,0.67
2018-06-25,4.45,4.37,4.46,4.36,82419,37108665.00,2.28,-0.23,-0.01,0.46
2018-06-26,4.30,4.45,4.45,4.25,101125,45197261.00,4.58,1.83,0.08,0.56
2018-06-27,4.43,4.44,4.48,4.38,83513,37750076.00,2.25,-0.22,-0.01,0.46
2018-06-28,4.44,4.47,4.66,4.42,173885,80524925.00,5.41,0.68,0.03,0.96
2018-06-29,4.47,4.58,4.59,4.45,121413,56112505.00,3.13,2.46,0.11,0.67
2018-07-02,4.58,4.44,4.58,4.39,102587,47056823.00,4.15,-3.06,-0.14,0.57
2018-07-03,4.43,4.51,4.52,4.41,84523,38587559.00,2.48,1.58,0.07,0.47
2018-07-04,4.49,4.42,4.51,4.40,70693,32055909.00,2.44,-2.00,-0.09,0.39
2018-07-05,4.45,4.37,4.50,4.37,93527,42462912.00,2.94,-1.13,-0.05,0.52
2018-07-06,4.39,4.47,4.53,4.34,136035,61766376.00,4.35,2.29,0.10,0.75
2018-07-09,4.47,4.53,4.54,4.44,108313,49804968.00,2.24,1.34,0.06,0.60
2018-07-10,4.51,4.52,4.54,4.47,76107,34946180.00,1.55,-0.22,-0.01,0.42
2018-07-11,4.46,4.33,4.46,4.27,108960,48545581.00,4.20,-4.20,-0.19,0.60
2018-07-12,4.33,4.50,4.53,4.32,135487,61639770.00,4.85,3.93,0.17,0.75
2018-07-13,4.50,4.47,4.54,4.44,85185,38922202.00,2.22,-0.67,-0.03,0.47
2018-07-16,4.49,4.46,4.50,4.45,60039,27409952.00,1.12,-0.22,-0.01,0.33
2018-07-17,4.49,4.47,4.49,4.43,58792,26711461.00,1.35,0.22,0.01,0.33
2018-07-18,4.47,4.42,4.50,4.41,66077,30063198.00,2.01,-1.12,-0.05,0.37
2018-07-19,4.41,4.37,4.45,4.35,73390,32849569.00,2.26,-1.13,-0.05,0.41
2018-07-20,4.37,4.51,4.56,4.33,190294,86822346.00,5.26,3.20,0.14,1.06
2018-07-23,4.47,4.56,4.57,4.43,185417,85353215.00,3.10,1.11,0.05,1.03
2018-07-24,4.52,4.65,4.77,4.52,235514,111499595.00,5.48,1.97,0.09,1.31
2018-07-25,4.63,4.60,4.65,4.58,121815,57133549.00,1.51,-1.08,-0.05,0.68
2018-07-26,4.59,4.63,4.65,4.57,145046,68204931.00,1.74,0.65,0.03,0.80
2018-07-27,4.63,4.59,4.67,4.59,94277,44460962.00,1.73,-0.86,-0.04,0.52
2018-07-30,4.56,4.47,4.59,4.44,116660,53613374.00,3.27,-2.61,-0.12,0.65
2018-07-31,4.43,4.51,4.55,4.43,75114,34419348.00,2.68,0.89,0.04,0.42
2018-08-01,4.51,4.38,4.55,4.36,106456,48396403.00,4.21,-2.88,-0.13,0.59
2018-08-02,4.38,4.21,4.40,4.12,134630,58204570.00,6.39,-3.88,-0.17,0.75
2018-08-03,4.18,4.15,4.23,4.14,68324,29149222.00,2.14,-1.43,-0.06,0.38
2018-08-06,4.11,4.08,4.19,4.05,83260,35042656.00,3.37,-1.69,-0.07,0.46
2018-08-07,4.09,4.18,4.19,4.08,72741,30868233.00,2.70,2.45,0.10,0.40
2018-08-08,4.18,4.12,4.21,4.11,72860,30973147.00,2.39,-1.44,-0.06,0.40
2018-08-09,4.12,4.20,4.24,4.10,122315,52391222.00,3.40,1.94,0.08,0.68
2018-08-10,4.18,4.21,4.23,4.16,81291,34841980.00,1.67,0.24,0.01,0.45
2018-08-13,4.17,4.18,4.19,4.11,66301,28085126.00,1.90,-0.71,-0.03,0.37
2018-08-14,4.17,4.18,4.19,4.14,49874,21225050.00,1.20,0.00,0.00,0.28
2018-08-15,4.16,4.11,4.19,4.10,86626,36615306.00,2.15,-1.67,-0.07,0.48
2018-08-16,4.09,4.15,4.23,4.06,121495,51575497.00,4.14,0.97,0.04,0.67
2018-08-17,4.16,4.08,4.19,4.08,82608,34900308.00,2.65,-1.69,-0.07,0.46
2018-08-20,4.11,4.16,4.16,4.07,79584,33596118.00,2.21,1.96,0.08,0.44
2018-08-21,4.13,4.19,4.22,4.13,80035,34166208.00,2.16,0.72,0.03,0.44
2018-08-22,4.17,4.12,4.19,4.12,56526,23931946.00,1.67,-1.67,-0.07,0.31
2018-08-23,4.13,4.17,4.20,4.12,69232,29427364.00,1.94,1.21,0.05,0.38
2018-08-24,4.15,4.18,4.21,4.14,82891,35365206.00,1.68,0.24,0.01,0.46
2018-08-27,4.17,4.21,4.26,4.16,102288,44000477.00,2.39,0.72,0.03,0.57
2018-08-28,4.23,4.20,4.23,4.17,56777,24354480.00,1.43,-0.24,-0.01,0.31
2018-08-29,4.20,4.14,4.21,4.14,60102,25519912.00,1.67,-1.43,-0.06,0.33
2018-08-30,4.14,4.09,4.16,4.07,73225,30757326.00,2.17,-1.21,-0.05,0.41
2018-08-31,4.08,4.05,4.13,4.04,63531,26499801.00,2.20,-0.98,-0.04,0.35
2018-09-03,4.07,4.05,4.07,3.99,63981,26384138.00,1.98,0.00,0.00,0.35
2018-09-04,4.05,4.10,4.11,4.02,88270,36742441.00,2.22,1.23,0.05,0.49
2018-09-05,4.08,4.02,4.09,4.02,66113,27433375.00,1.71,-1.95,-0.08,0.37
2018-09-06,4.01,4.02,4.07,3.99,49072,20213678.00,1.99,0.00,0.00,0.27
2018-09-07,4.02,4.03,4.08,4.01,57056,23582303.00,1.74,0.25,0.01,0.32
2018-09-10,4.02,3.93,4.03,3.91,76555,31053908.00,2.98,-2.48,-0.10,0.42
2018-09-11,3.93,3.95,3.96,3.91,44282,17825713.00,1.27,0.51,0.02,0.25
2018-09-12,3.93,3.95,3.99,3.93,49226,19957683.00,1.52,0.00,0.00,0.27
2018-09-13,3.97,3.99,4.00,3.96,64848,26409469.00,1.01,1.01,0.04,0.36
2018-09-14,3.99,3.98,4.02,3.96,69392,28322825.00,1.50,-0.25,-0.01,0.38
2018-09-17,3.95,3.97,4.00,3.92,55447,22431879.00,2.01,-0.25,-0.01,0.31
2018-09-18,3.96,4.05,4.06,3.95,87246,35735667.00,2.77,2.02,0.08,0.48
2018-09-19,4.03,4.07,4.10,4.01,94866,39388209.00,2.22,0.49,0.02,0.53
2018-09-20,4.06,4.06,4.13,4.05,91975,38340890.00,1.97,-0.25,-0.01,0.51
2018-09-21,4.06,4.18,4.19,4.03,154358,65002804.00,3.94,2.96,0.12,0.86
2018-09-25,4.13,4.13,4.15,4.12,59891,25286215.00,0.72,-1.20,-0.05,0.33
2018-09-26,4.14,4.13,4.18,4.12,93362,39612434.00,1.45,0.00,0.00,0.52
2018-09-27,4.16,4.05,4.16,4.04,68468,28594423.00,2.91,-1.94,-0.08,0.38
2018-09-28,4.07,4.11,4.11,4.05,56756,23739471.00,1.48,1.48,0.06,0.31
2018-10-08,4.06,3.99,4.08,3.96,84229,34727295.00,2.92,-2.92,-0.12,0.47
2018-10-09,3.99,3.99,4.02,3.96,46526,18978217.00,1.50,0.00,0.00,0.26
2018-10-10,4.00,3.98,4.01,3.96,35452,14447692.00,1.25,-0.25,-0.01,0.20
2018-10-11,3.86,3.60,3.90,3.57,170491,64312434.00,8.29,-9.55,-0.38,0.95
2018-10-12,3.55,3.54,3.59,3.41,100804,36374061.00,5.00,-1.67,-0.06,0.56
2018-10-15,3.56,3.48,3.58,3.48,54727,19810839.00,2.82,-1.69,-0.06,0.30
2018-10-16,3.46,3.43,3.54,3.43,58289,20843330.00,3.16,-1.44,-0.05,0.32
2018-10-17,3.48,3.45,3.51,3.37,59228,20916734.00,4.08,0.58,0.02,0.33
2018-10-18,3.42,3.32,3.43,3.31,59655,20684249.00,3.48,-3.77,-0.13,0.33
2018-10-19,3.27,3.40,3.42,3.24,87607,30140304.00,5.42,2.41,0.08,0.49
2018-10-22,3.44,3.75,3.75,3.42,188772,70807982.00,9.71,10.29,0.35,1.05
2018-10-23,4.03,3.93,4.13,3.84,627037,255920635.00,7.73,4.80,0.18,3.48
2018-10-24,3.81,4.10,4.23,3.78,586103,242043070.00,11.45,4.33,0.17,3.25
2018-10-25,3.92,4.52,4.52,3.89,949452,421547328.00,15.37,10.24,0.42,5.27
2018-10-26,4.63,4.66,4.96,4.52,1193204,575136176.00,9.73,3.10,0.14,6.62
2018-10-29,4.53,4.48,4.74,4.44,639958,297234672.00,6.44,-3.86,-0.18,3.55
2018-10-30,4.49,4.94,4.94,4.33,1186370,573309040.00,13.62,10.27,0.46,6.58
2018-10-31,4.76,4.74,4.89,4.64,941682,455795664.00,5.06,-4.05,-0.20,5.22
2018-11-01,4.72,4.64,5.00,4.64,797719,391049072.00,7.59,-2.11,-0.10,4.43
2018-11-02,4.76,4.75,4.79,4.58,522742,250344815.00,4.53,2.37,0.11,2.90
2018-11-05,4.71,4.77,4.79,4.62,511817,246275340.00,3.58,0.42,0.02,2.84
2018-11-06,4.70,4.56,4.74,4.46,431646,201254830.00,5.87,-4.40,-0.21,2.39
2018-11-07,4.54,4.52,4.62,4.48,265574,122814997.00,3.07,-0.88,-0.04,1.47
2018-11-08,4.57,4.49,4.67,4.46,374544,174034977.00,4.65,-0.66,-0.03,2.08
2018-11-09,4.44,4.47,4.57,4.43,221849,101648472.00,3.12,-0.45,-0.02,1.23
2018-11-12,4.45,4.58,4.59,4.43,264884,121777927.00,3.58,2.46,0.11,1.47
2018-11-13,4.51,4.78,4.97,4.48,756063,363837760.00,10.70,4.37,0.20,4.19
2018-11-14,4.73,4.69,4.90,4.67,558971,271339936.00,4.81,-1.88,-0.09,3.10
2018-11-15,4.63,4.78,4.82,4.62,452117,218290257.00,4.26,1.92,0.09,2.51
2018-11-16,4.78,4.93,5.14,4.73,761128,381184896.00,8.58,3.14,0.15,4.22
2018-11-19,4.88,5.10,5.18,4.87,719258,367915856.00,6.29,3.45,0.17,3.99
2018-11-20,5.00,4.76,5.09,4.75,534276,266726926.00,6.67,-6.67,-0.34,2.96
2018-11-21,4.70,4.71,4.83,4.57,363105,173830265.00,5.46,-1.05,-0.05,2.01
2018-11-22,4.69,4.59,4.73,4.55,248082,116727669.00,3.82,-2.55,-0.12,1.38
2018-11-23,4.59,4.43,4.67,4.39,268097,123355596.00,6.10,-3.49,-0.16,1.49
2018-11-26,4.41,4.48,4.53,4.38,156853,71215341.00,3.39,1.13,0.05,0.87
2018-11-27,4.52,4.59,4.67,4.50,240729,111916280.00,3.79,2.46,0.11,1.34
2018-11-28,4.58,4.70,4.74,4.50,319611,151479914.00,5.23,2.40,0.11,1.77
2018-11-29,4.71,4.40,4.75,4.33,294103,137052719.00,8.94,-6.38,-0.30,1.63
2018-11-30,4.38,4.50,4.52,4.32,218236,98066268.00,4.55,2.27,0.10,1.21
2018-12-03,4.72,4.61,4.77,4.57,291675,138000490.00,4.44,2.44,0.11,1.62
2018-12-04,4.61,4.66,4.67,4.59,187675,88484271.00,1.74,1.08,0.05,1.04
2018-12-05,4.53,4.54,4.58,4.49,158899,73381547.00,1.93,-2.58,-0.12,0.88
2018-12-06,4.51,4.43,4.52,4.40,130546,59119313.00,2.64,-2.42,-0.11,0.72
2018-12-07,4.46,4.44,4.48,4.42,70892,32129965.00,1.35,0.23,0.01,0.39
2018-12-10,4.42,4.35,4.43,4.27,109773,48682322.00,3.60,-2.03,-0.09,0.61
2018-12-11,4.38,4.39,4.40,4.35,62081,27660878.00,1.15,0.92,0.04,0.34
2018-12-12,4.40,4.41,4.49,4.39,101600,45967696.00,2.28,0.46,0.02,0.56
2018-12-13,4.42,4.48,4.53,4.36,159364,72468504.00,3.85,1.59,0.07,0.88
2018-12-14,4.48,4.32,4.48,4.32,121027,54153268.00,3.57,-3.57,-0.16,0.67
2018-12-17,4.28,4.37,4.40,4.28,102946,45461446.00,2.78,1.16,0.05,0.57
2018-12-18,4.35,4.31,4.40,4.24,99811,43880849.00,3.66,-1.37,-0.06,0.55
2018-12-19,4.31,4.26,4.34,4.25,65945,28768164.00,2.09,-1.16,-0.05,0.37
2018-12-20,4.25,4.35,4.40,4.22,156780,68907639.00,4.23,2.11,0.09,0.87
2018-12-21,4.34,4.36,4.38,4.29,100842,44564801.00,2.07,0.23,0.01,0.56
2018-12-24,4.34,4.35,4.41,4.30,85083,37732355.00,2.52,-0.23,-0.01,0.47
2018-12-25,4.30,4.20,4.31,4.00,165974,70346715.00,7.13,-3.45,-0.15,0.92
2018-12-26,4.17,4.12,4.24,4.12,79305,33638001.00,2.86,-1.90,-0.08,0.44
2018-12-27,4.21,4.08,4.24,4.07,77222,32750234.00,4.13,-0.97,-0.04,0.43
2018-12-28,4.07,4.18,4.25,4.07,115264,49109643.00,4.41,2.45,0.10,0.64
2019-01-02,4.21,4.16,4.22,4.10,95045,40277916.00,2.87,-0.48,-0.02,0.53
2019-01-03,4.13,4.29,4.42,4.13,209081,92032164.00,6.97,3.13,0.13,1.16
2019-01-04,4.25,4.73,4.73,4.23,770276,362278208.00,11.66,10.26,0.44,4.27
2019-01-07,4.87,4.69,4.87,4.66,701297,338930704.00,4.44,-0.85,-0.04,3.89
2019-01-08,4.66,4.86,4.95,4.57,653383,316895008.00,8.10,3.62,0.17,3.62
2019-01-09,4.79,4.77,4.95,4.77,591137,290521104.00,3.70,-1.85,-0.09,3.28
2019-01-10,4.73,4.62,4.76,4.58,340858,161783417.00,3.77,-3.14,-0.15,1.89
2019-01-11,4.61,4.63,4.68,4.58,233991,110161208.00,2.16,0.22,0.01,1.30
2019-01-14,4.66,4.55,4.68,4.50,251601,117081997.00,3.89,-1.73,-0.08,1.40
2019-01-15,4.52,4.63,4.69,4.51,368297,172679944.00,3.96,1.76,0.08,2.04
2019-01-16,4.63,4.55,4.64,4.54,207259,96388779.00,2.16,-1.73,-0.08,1.15
2019-01-17,4.55,4.54,4.63,4.52,165028,76585950.00,2.42,-0.22,-0.01,0.92
2019-01-18,4.53,4.56,4.58,4.51,158935,73565353.00,1.54,0.44,0.02,0.88
2019-01-21,4.58,4.56,4.60,4.53,125873,58500795.00,1.54,0.00,0.00,0.70
2019-01-22,4.56,4.53,4.58,4.52,109897,50917285.00,1.32,-0.66,-0.03,0.61
2019-01-23,4.53,4.50,4.55,4.47,96864,44427222.00,1.77,-0.66,-0.03,0.54
2019-01-24,4.52,4.57,4.63,4.49,203352,94681180.00,3.11,1.56,0.07,1.13
2019-01-25,4.55,4.51,4.59,4.51,139295,64631863.00,1.75,-1.31,-0.06,0.77
2019-01-28,4.58,4.50,4.62,4.49,139142,64548037.00,2.88,-0.22,-0.01,0.77
2019-01-29,4.48,4.27,4.48,4.14,219829,95850037.00,7.56,-5.11,-0.23,1.22
2019-01-30,4.27,4.19,4.28,4.18,85521,36903737.00,2.34,-1.87,-0.08,0.47
2019-01-31,4.08,4.24,4.25,4.07,134162,57315142.00,4.30,1.19,0.05,0.74
2019-02-01,4.28,4.36,4.37,4.27,124035,54586748.00,2.36,2.83,0.12,0.69
2019-02-11,4.40,4.41,4.42,4.34,109881,49105958.00,1.83,1.15,0.05,0.61
2019-02-12,4.42,4.43,4.47,4.39,112710,50715857.00,1.81,0.45,0.02,0.63
2019-02-13,4.44,4.60,4.66,4.40,297415,138175694.00,5.87,3.84,0.17,1.65
2019-02-14,4.58,4.59,4.62,4.53,173872,81015721.00,1.96,-0.22,-0.01,0.96
2019-02-15,4.47,4.48,4.59,4.41,271985,124333888.00,3.92,-2.40,-0.11,1.51
2019-02-18,4.46,4.68,4.76,4.46,432555,203166641.00,6.70,4.46,0.20,2.40
2019-02-19,4.69,4.68,4.86,4.64,452859,217913426.00,4.70,0.00,0.00,2.51
2019-02-20,4.66,4.70,4.78,4.65,266552,127503154.00,2.78,0.43,0.02,1.48
2019-02-21,4.67,4.72,4.90,4.64,541687,263125604.00,5.53,0.43,0.02,3.00
2019-02-22,4.75,5.20,5.20,4.69,1083885,549810160.00,10.81,10.17,0.48,6.01
2019-02-25,5.44,5.73,5.73,5.26,1271647,713061072.00,9.04,10.19,0.53,7.05
2019-02-26,6.01,5.70,6.11,5.66,1440816,863582016.00,7.85,-0.52,-0.03,7.99
2019-02-27,5.62,5.85,6.02,5.60,1115150,658997856.00,7.37,2.63,0.15,6.19
2019-02-28,5.76,5.54,5.79,5.26,628083,355003312.00,9.06,-5.30,-0.31,3.48
2019-03-01,5.59,5.68,5.81,5.51,674564,386812544.00,5.42,2.53,0.14,3.74
2019-03-04,5.71,5.80,6.19,5.55,1092128,645481312.00,11.27,2.11,0.12,6.06
2019-03-05,5.66,5.85,5.85,5.62,592764,345082640.00,3.97,0.86,0.05,3.29
2019-03-06,5.81,6.44,6.44,5.79,1581998,985525616.00,11.11,10.09,0.59,8.78
2019-03-07,6.47,6.84,7.09,6.27,1749005,1187916832.00,12.73,6.21,0.40,9.70
2019-03-08,6.32,6.15,6.62,6.15,1199880,773619472.00,6.87,-10.09,-0.69,6.66
2019-03-11,5.98,6.25,6.30,5.96,746544,463372336.00,5.53,1.63,0.10,4.14
2019-03-12,6.31,6.27,6.46,6.11,846674,541215776.00,5.60,0.32,0.02,4.70
2019-03-13,6.23,6.03,6.27,5.97,621421,384160592.00,4.78,-3.83,-0.24,3.45
2019-03-14,5.94,5.79,6.10,5.65,484920,288339920.00,7.46,-3.98,-0.24,2.69
2019-03-15,5.86,5.87,5.99,5.77,384408,229498006.00,3.80,1.38,0.08,2.13
2019-03-18,5.87,6.04,6.04,5.74,384245,230879006.00,5.11,2.90,0.17,2.13
2019-03-19,6.07,5.99,6.11,5.97,350885,214422374.00,2.32,-0.83,-0.05,1.95
2019-03-20,5.97,6.31,6.34,5.94,803251,499487616.00,6.68,5.34,0.32,4.46
2019-03-21,6.25,6.30,6.56,6.13,906903,582525264.00,6.81,-0.16,-0.01,5.03
2019-03-22,6.26,6.17,6.34,6.04,471439,295818688.00,4.76,-2.06,-0.13,2.62
2019-03-25,6.00,5.92,6.13,5.91,412606,251354686.00,3.57,-4.05,-0.25,2.29
2019-03-26,5.95,5.80,6.01,5.78,322167,191979809.00,3.89,-2.03,-0.12,1.79
2019-03-27,5.85,5.87,5.91,5.77,247522,146764933.00,2.41,1.21,0.07,1.37
2019-03-28,5.84,5.82,5.98,5.71,277023,164272980.00,4.60,-0.85,-0.05,1.54
2019-03-29,5.85,6.22,6.26,5.82,795856,491868240.00,7.56,6.87,0.40,4.41
2019-04-01,6.27,6.27,6.38,6.14,847755,538295488.00,3.86,0.80,0.05,4.70
2019-04-02,6.26,6.21,6.40,6.19,569332,362343968.00,3.35,-0.96,-0.06,3.16
2019-04-03,6.15,6.42,6.44,6.14,746085,478433264.00,4.83,3.38,0.21,4.14
2019-04-04,6.45,6.37,6.49,6.30,600599,387276272.00,2.96,-0.78,-0.05,3.33
2019-04-08,6.47,6.18,6.49,6.11,516463,328785248.00,5.97,-2.98,-0.19,2.86
2019-04-09,6.13,6.23,6.31,6.08,374848,235852180.00,3.72,0.81,0.05,2.08
2019-04-10,6.24,6.26,6.36,6.05,455523,285236256.00,4.98,0.48,0.03,2.53
2019-04-11,6.19,6.04,6.24,6.04,327733,203192387.00,3.19,-3.51,-0.22,1.82
2019-04-12,6.07,6.07,6.15,5.97,262833,161365445.00,2.98,0.50,0.03,1.46
2019-04-15,6.17,5.98,6.22,5.97,264255,163804327.00,4.12,-1.48,-0.09,1.47
2019-04-16,5.92,6.10,6.10,5.85,314136,191086573.00,4.18,2.01,0.12,1.74
2019-04-17,6.07,6.07,6.16,6.06,241213,148896699.00,1.64,-0.49,-0.03,1.34
2019-04-18,6.07,6.01,6.09,5.97,195321,119314884.00,1.98,-0.99,-0.06,1.08
2019-04-19,6.02,6.06,6.12,6.01,212015,130148479.00,1.83,0.83,0.05,1.18
2019-04-22,6.13,6.00,6.16,5.97,233697,143255582.00,3.14,-0.99,-0.06,1.30
2019-04-23,5.99,6.03,6.13,5.89,288952,176123748.00,4.00,0.50,0.03,1.60
2019-04-24,6.00,6.04,6.08,5.96,165436,100972168.00,1.99,0.17,0.01,0.92
2019-04-25,6.04,5.82,6.11,5.82,301903,183258620.00,4.80,-3.64,-0.22,1.67
2019-04-26,5.76,5.77,5.92,5.74,220554,130154703.00,3.09,-0.86,-0.05,1.22
2019-04-29,5.78,5.42,5.83,5.35,291448,163457209.00,8.32,-6.07,-0.35,1.62
2019-04-30,5.44,5.47,5.56,5.41,155955,86733007.00,2.77,0.92,0.05,0.87
2019-05-06,5.30,4.92,5.37,4.92,341400,176328787.00,8.23,-10.05,-0.55,1.89
2019-05-07,4.93,5.05,5.09,4.88,274962,139741548.00,4.27,2.64,0.13,1.53
2019-05-08,4.95,5.01,5.09,4.90,160081,81535727.00,3.76,-0.79,-0.04,0.89
2019-05-09,4.98,5.00,5.09,4.93,170021,86949042.00,3.19,-0.20,-0.01,0.94
2019-05-10,5.07,5.20,5.28,5.02,267115,140301434.00,5.20,4.00,0.20,1.48
2019-05-13,5.14,5.13,5.21,5.09,127010,66475531.00,2.31,-1.35,-0.07,0.70
2019-05-14,5.07,5.07,5.18,5.03,130202,67601539.00,2.92,-1.17,-0.06,0.72
2019-05-15,5.12,5.14,5.17,5.09,147477,76831226.00,1.58,1.38,0.07,0.82
2019-05-16,5.14,5.12,5.18,5.09,155629,81068593.00,1.75,-0.39,-0.02,0.86
2019-05-17,5.15,4.86,5.16,4.81,242780,122642463.00,6.84,-5.08,-0.26,1.35
2019-05-20,4.86,4.97,5.05,4.81,180325,90644060.00,4.94,2.26,0.11,1.00
2019-05-21,4.95,5.04,5.07,4.94,160965,82148158.00,2.62,1.41,0.07,0.89
2019-05-22,5.04,4.97,5.06,4.92,104900,53179699.00,2.78,-1.39,-0.07,0.58
2019-05-23,4.94,4.99,5.07,4.91,131493,66711664.00,3.22,0.40,0.02,0.73
2019-05-24,4.94,4.98,5.03,4.94,87808,44471260.00,1.80,-0.20,-0.01,0.49
2019-05-27,5.01,5.12,5.16,4.96,220262,113888938.00,4.02,2.81,0.14,1.22
2019-05-28,5.12,5.07,5.16,5.05,153211,79468514.00,2.15,-0.98,-0.05,0.85
2019-05-29,5.05,5.08,5.13,5.04,143557,74093482.00,1.78,0.20,0.01,0.80
2019-05-30,5.06,4.99,5.06,4.96,129214,65570970.00,1.97,-1.77,-0.09,0.72
2019-05-31,5.00,4.98,5.03,4.97,94188,47869682.00,1.20,-0.20,-0.01,0.52
2019-06-03,5.02,4.96,5.08,4.93,140826,71595464.00,3.01,-0.40,-0.02,0.78
2019-06-04,4.95,4.87,4.95,4.84,130142,64842093.00,2.22,-1.81,-0.09,0.72
2019-06-05,4.95,4.90,4.97,4.89,94288,47176482.00,1.64,0.62,0.03,0.52
2019-06-06,4.90,4.81,4.94,4.79,132092,65330540.00,3.06,-1.84,-0.09,0.73
2019-06-10,4.80,4.83,4.89,4.72,133368,65237469.00,3.53,0.42,0.02,0.74
2019-06-11,4.84,5.08,5.14,4.83,323116,164857829.00,6.42,5.18,0.25,1.79
2019-06-12,5.07,5.01,5.11,4.95,185500,95050334.00,3.15,-1.38,-0.07,1.03
2019-06-13,5.05,5.04,5.09,4.99,171141,87752237.00,2.00,0.60,0.03,0.95
2019-06-14,5.02,4.91,5.06,4.90,182517,92410727.00,3.17,-2.58,-0.13,1.01
2019-06-17,4.92,4.90,4.97,4.88,111765,55920385.00,1.83,-0.20,-0.01,0.62
2019-06-18,4.91,4.89,4.93,4.85,89283,44379567.00,1.63,-0.20,-0.01,0.50
2019-06-19,5.12,5.00,5.35,4.99,318446,164960482.00,7.36,2.25,0.11,1.77
2019-06-20,4.97,5.25,5.42,4.97,580571,306312720.00,9.00,5.00,0.25,3.22
2019-06-21,5.22,5.26,5.35,5.19,391140,209426101.00,3.05,0.19,0.01,2.17
2019-06-24,5.29,5.22,5.32,5.18,228841,122090404.00,2.66,-0.76,-0.04,1.27
2019-06-25,5.22,5.29,5.29,5.10,338231,179193190.00,3.64,1.34,0.07,1.88
2019-06-26,5.14,5.12,5.21,5.11,203700,106727107.00,1.89,-3.21,-0.17,1.13
2019-06-27,5.15,5.18,5.29,5.15,243731,129228713.00,2.73,1.17,0.06,1.35
2019-06-28,5.17,5.21,5.21,5.11,178157,93320885.00,1.93,0.58,0.03,0.99
2019-07-01,5.34,5.32,5.39,5.26,372615,201183954.00,2.50,2.11,0.11,2.07
2019-07-02,5.28,5.26,5.31,5.23,176542,94527347.00,1.50,-1.13,-0.06,0.98
2019-07-03,5.24,5.16,5.25,5.14,129267,67996115.00,2.09,-1.90,-0.10,0.72
2019-07-04,5.20,5.52,5.68,5.20,1128442,634486992.00,9.30,6.98,0.36,6.26
2019-07-05,5.43,5.71,5.72,5.37,1040237,583558000.00,6.34,3.44,0.19,5.77
2019-07-08,5.61,5.75,6.12,5.58,1508640,886995664.00,9.46,0.70,0.04,8.37
2019-07-09,5.78,6.18,6.27,5.77,1666036,1016200784.00,8.70,7.48,0.43,9.24
2019-07-10,6.02,6.00,6.11,5.88,1200598,729321120.00,3.72,-2.91,-0.18,6.66
2019-07-11,5.92,5.71,6.00,5.60,1334849,783325152.00,6.67,-4.83,-0.29,7.40
2019-07-12,5.43,5.14,5.64,5.13,1594520,855674688.00,8.93,-9.98,-0.57,8.84
2019-07-15,5.02,5.14,5.27,4.98,899901,467675680.00,5.64,0.00,0.00,4.99
2019-07-16,5.10,5.12,5.14,5.04,467741,241713194.00,1.95,-0.39,-0.02,2.59
2019-07-17,5.09,5.09,5.16,5.07,381351,197743382.00,1.76,-0.59,-0.03,2.12
2019-07-18,5.07,5.02,5.08,5.00,338147,172975096.00,1.57,-1.38,-0.07,1.88
2019-07-19,5.03,5.10,5.14,5.03,415609,215181448.00,2.19,1.59,0.08,2.31
2019-07-22,5.13,4.93,5.14,4.87,344300,174021906.00,5.29,-3.33,-0.17,1.91
2019-07-23,4.95,4.98,4.98,4.92,190908,96018162.00,1.22,1.01,0.05,1.06
2019-07-24,4.99,5.04,5.09,4.98,266545,136447722.00,2.21,1.20,0.06,1.48
2019-07-25,5.02,5.04,5.06,4.99,177001,90442595.00,1.39,0.00,0.00,0.98
2019-07-26,5.01,5.02,5.04,4.99,126814,64598822.00,0.99,-0.40,-0.02,0.70
2019-07-29,5.05,5.11,5.12,5.03,327661,169310249.00,1.79,1.79,0.09,1.82
2019-07-30,5.11,5.13,5.21,5.07,387294,202359260.00,2.74,0.39,0.02,2.15
2019-07-31,5.09,5.04,5.11,5.03,225228,115626805.00,1.56,-1.75,-0.09,1.25
2019-08-01,5.00,4.97,5.05,4.95,200019,101401397.00,1.98,-1.39,-0.07,1.11
2019-08-02,4.84,4.87,4.92,4.80,285401,141116307.00,2.41,-2.01,-0.10,1.58
2019-08-05,4.85,4.83,4.91,4.81,172458,84983540.00,2.05,-0.82,-0.04,0.96
2019-08-06,4.72,4.75,4.82,4.56,332914,159546876.00,5.38,-1.66,-0.08,1.85
2019-08-07,4.76,4.63,4.78,4.62,183090,87521150.00,3.37,-2.53,-0.12,1.02
2019-08-08,4.79,4.70,4.83,4.67,236140,114136272.00,3.46,1.51,0.07,1.31
2019-08-09,4.72,4.60,4.75,4.59,174091,82479079.00,3.40,-2.13,-0.10,0.97
2019-08-12,4.65,4.71,4.71,4.64,162875,77532162.00,1.52,2.39,0.11,0.90
2019-08-13,4.66,4.64,4.67,4.62,101237,47806614.00,1.06,-1.49,-0.07,0.56
2019-08-14,4.72,4.66,4.74,4.64,123439,58772405.00,2.16,0.43,0.02,0.68
2019-08-15,4.53,4.62,4.65,4.50,146536,68214073.00,3.22,-0.86,-0.04,0.81
2019-08-16,4.61,4.63,4.70,4.59,148150,70063912.00,2.38,0.22,0.01,0.82
2019-08-19,4.69,4.90,4.90,4.65,457496,223787987.00,5.40,5.83,0.27,2.54
2019-08-20,4.90,4.82,4.94,4.80,317153,157113353.00,2.86,-1.63,-0.08,1.76
2019-08-21,4.82,4.84,4.89,4.80,209454,103030249.00,1.87,0.41,0.02,1.16
2019-08-22,4.85,4.86,4.88,4.81,148364,72990485.00,1.45,0.41,0.02,0.82
2019-08-23,4.85,4.91,4.95,4.83,266975,133101491.00,2.47,1.03,0.05,1.48
2019-08-26,4.82,4.85,4.87,4.79,165934,81555611.00,1.63,-1.22,-0.06,0.92
2019-08-27,4.88,4.96,5.02,4.86,307266,154721181.00,3.30,2.27,0.11,1.70
2019-08-28,4.91,4.89,4.95,4.88,160506,79944566.00,1.41,-1.41,-0.07,0.89
2019-08-29,4.91,4.86,4.92,4.85,114984,57009331.00,1.43,-0.61,-0.03,0.64
2019-08-30,4.90,4.81,4.92,4.80,150088,74119900.00,2.47,-1.03,-0.05,0.83
2019-09-02,4.83,4.90,4.93,4.81,206819,102925840.00,2.49,1.87,0.09,1.15
2019-09-03,4.90,4.92,4.93,4.87,185133,92182287.00,1.22,0.41,0.02,1.03
2019-09-04,4.89,4.98,5.03,4.88,307407,155288116.00,3.05,1.22,0.06,1.71
2019-09-05,5.05,5.11,5.30,5.04,692476,363459904.00,5.22,2.61,0.13,3.84
2019-09-06,5.11,5.12,5.15,5.05,388428,200757010.00,1.96,0.20,0.01,2.15
2019-09-09,5.21,5.17,5.25,5.11,406470,213163007.00,2.73,0.98,0.05,2.25
2019-09-10,5.17,5.23,5.30,5.11,469092,247760759.00,3.68,1.16,0.06,2.60
2019-09-11,5.29,5.22,5.33,5.20,391653,209262962.00,2.49,-0.19,-0.01,2.17
2019-09-12,5.22,5.41,5.42,5.20,508870,273696000.00,4.21,3.64,0.19,2.82
2019-09-16,5.38,5.30,5.38,5.26,393566,212450489.00,2.22,-2.03,-0.11,2.18
2019-09-17,5.29,5.10,5.29,5.05,390089,203852362.00,4.53,-3.77,-0.20,2.16
2019-09-18,5.12,5.08,5.15,5.07,195844,101665922.00,1.57,-0.39,-0.02,1.09
2019-09-19,5.09,5.16,5.16,5.05,183162,95085443.00,2.17,1.57,0.08,1.02
2019-09-20,5.15,5.12,5.16,5.09,153651,79940742.00,1.36,-0.78,-0.04,0.85
2019-09-23,5.08,5.04,5.09,4.99,157762,80557111.00,1.95,-1.56,-0.08,0.88
2019-09-24,5.03,5.04,5.11,5.03,116423,59863221.00,1.59,0.00,0.00,0.65
2019-09-25,5.01,5.03,5.10,4.99,144822,74153756.00,2.18,-0.20,-0.01,0.80
2019-09-26,5.06,4.95,5.09,4.90,165549,84024077.00,3.78,-1.59,-0.08,0.92
2019-09-27,4.94,4.96,4.99,4.93,91553,46159017.00,1.21,0.20,0.01,0.51
2019-09-30,4.97,4.89,5.02,4.88,94900,47817743.00,2.82,-1.41,-0.07,0.53
2019-10-08,4.92,4.85,4.93,4.84,87797,43647021.00,1.84,-0.82,-0.04,0.49
2019-10-09,4.83,4.86,4.88,4.74,118490,58161861.00,2.89,0.21,0.01,0.66
2019-10-10,4.86,4.92,4.95,4.85,116615,58277808.00,2.06,1.23,0.06,0.65
2019-10-11,4.93,4.96,5.02,4.87,158755,79915532.00,3.05,0.81,0.04,0.88
2019-10-14,5.02,5.07,5.15,4.99,313177,161670928.00,3.23,2.22,0.11,1.74
2019-10-15,5.06,5.02,5.07,5.00,154092,78692173.00,1.38,-0.99,-0.05,0.85
2019-10-16,5.03,4.95,5.07,4.95,123314,62833618.00,2.39,-1.39,-0.07,0.68
2019-10-17,4.95,4.94,5.01,4.93,82150,41404457.00,1.62,-0.20,-0.01,0.46
2019-10-18,4.96,4.84,4.98,4.83,121669,60492057.00,3.04,-2.02,-0.10,0.67
2019-10-21,4.78,4.82,4.83,4.73,104066,50589785.00,2.07,-0.41,-0.02,0.58
2019-10-22,4.82,4.83,4.85,4.78,65646,32127614.00,1.45,0.21,0.01,0.36
2019-10-23,4.84,4.78,4.86,4.77,60281,29472453.00,1.86,-1.04,-0.05,0.33
2019-10-24,4.79,4.80,4.84,4.76,69622,34019228.00,1.67,0.42,0.02,0.39
2019-10-25,4.82,4.85,4.87,4.77,84700,41644096.00,2.08,1.04,0.05,0.47
2019-10-28,4.82,4.95,4.96,4.82,141642,70562544.00,2.89,2.06,0.10,0.79
2019-10-29,4.95,4.85,4.96,4.85,95035,47259658.00,2.22,-2.02,-0.10,0.53
2019-10-30,4.84,4.77,4.85,4.75,99516,48564821.00,2.06,-1.65,-0.08,0.55
2019-10-31,4.79,4.77,4.83,4.75,67100,32660582.00,1.68,0.00,0.00,0.37
2019-11-01,4.75,4.82,4.83,4.73,75671,36935810.00,2.10,1.05,0.05,0.42
2019-11-04,4.84,4.83,4.86,4.81,66426,32652585.00,1.04,0.21,0.01,0.37
2019-11-05,4.83,4.88,4.93,4.83,166784,82953869.00,2.07,1.04,0.05,0.93
2019-11-06,4.88,4.81,4.90,4.79,96492,47530155.00,2.25,-1.43,-0.07,0.54
2019-11-07,4.81,4.84,4.87,4.79,65611,32244519.00,1.66,0.62,0.03,0.36
2019-11-08,4.87,4.83,4.91,4.83,85312,42251147.00,1.65,-0.21,-0.01,0.47
2019-11-11,4.79,4.72,4.85,4.70,115961,56245252.00,3.11,-2.28,-0.11,0.64
2019-11-12,4.72,4.76,4.77,4.70,80544,38807012.00,1.48,0.85,0.04,0.45
2019-11-13,4.76,4.72,4.77,4.70,65893,31669410.00,1.47,-0.84,-0.04,0.37
2019-11-14,4.72,4.73,4.76,4.69,61101,29366263.00,1.48,0.21,0.01,0.34
2019-11-15,4.73,4.66,4.74,4.65,59638,28461465.00,1.90,-1.48,-0.07,0.33
2019-11-18,4.66,4.75,4.77,4.64,89163,42894963.00,2.79,1.93,0.09,0.49
2019-11-19,4.73,4.77,4.77,4.71,91171,44021495.00,1.26,0.42,0.02,0.51
2019-11-20,4.77,4.68,4.77,4.68,57820,27758583.00,1.89,-1.89,-0.09,0.32
2019-11-21,4.67,4.68,4.71,4.64,59793,28404618.00,1.50,0.00,0.00,0.33
2019-11-22,4.68,4.64,4.72,4.63,81043,38473701.00,1.92,-0.85,-0.04,0.45
2019-11-25,4.65,4.67,4.67,4.58,77480,36469410.00,1.94,0.65,0.03,0.43
2019-11-26,4.67,4.63,4.68,4.63,41570,19649895.00,1.07,-0.86,-0.04,0.23
2019-11-27,4.62,4.61,4.65,4.59,51317,24112035.00,1.30,-0.43,-0.02,0.28
2019-11-28,4.60,4.57,4.63,4.57,50402,23561721.00,1.30,-0.87,-0.04,0.28
2019-11-29,4.58,4.58,4.64,4.52,74457,34719343.00,2.63,0.22,0.01,0.41
2019-12-02,4.63,4.60,4.67,4.60,77473,36510562.00,1.53,0.44,0.02,0.43
2019-12-03,4.60,4.60,4.62,4.53,64341,29834693.00,1.96,0.00,0.00,0.36
2019-12-04,4.61,4.62,4.63,4.58,45586,21278855.00,1.09,0.43,0.02,0.25
2019-12-05,4.62,4.67,4.69,4.61,107949,50993351.00,1.73,1.08,0.05,0.60
2019-12-06,4.66,4.68,4.68,4.63,81793,38619409.00,1.07,0.21,0.01,0.45
2019-12-09,4.69,4.65,4.71,4.63,81523,38530540.00,1.71,-0.64,-0.03,0.45
2019-12-10,4.63,4.62,4.65,4.60,62741,29341422.00,1.08,-0.65,-0.03,0.35
2019-12-11,4.66,4.79,4.95,4.64,396549,192473005.00,6.71,3.68,0.17,2.20
2019-12-12,4.73,4.74,4.79,4.70,210245,100759341.00,1.88,-1.04,-0.05,1.17
2019-12-13,4.80,4.91,4.99,4.77,538415,266294814.00,4.64,3.59,0.17,2.99
2019-12-16,4.89,4.97,5.04,4.83,503599,251529788.00,4.28,1.22,0.06,2.79
2019-12-17,4.94,5.32,5.47,4.92,1353088,726401392.00,11.07,7.04,0.35,7.51
2019-12-18,5.24,5.37,5.48,5.22,1121558,606236336.00,4.89,0.94,0.05,6.22
2019-12-19,5.30,5.25,5.35,5.16,614897,326164944.00,3.54,-2.23,-0.12,3.41
2019-12-20,5.25,5.25,5.47,5.21,821596,443784192.00,4.95,0.00,0.00,4.56
2019-12-23,5.20,5.06,5.31,5.06,576360,302190736.00,4.76,-3.62,-0.19,3.20
2019-12-24,5.10,5.13,5.15,5.03,332275,171172124.00,2.37,1.38,0.07,1.84
2019-12-25,5.11,5.10,5.21,5.03,406930,210799655.00,3.51,-0.58,-0.03,2.26
2019-12-26,5.12,5.25,5.25,5.07,565861,296328864.00,3.53,2.94,0.15,3.14
2019-12-27,5.24,5.13,5.39,5.12,716068,381460848.00,5.14,-2.29,-0.12,3.97
2019-12-30,5.04,5.27,5.36,5.00,768467,407344304.00,7.02,2.73,0.14,4.26
2019-12-31,5.25,5.30,5.36,5.24,515021,275397552.00,2.28,0.57,0.03,2.86
2020-01-02,5.36,5.31,5.45,5.30,660453,357839744.00,2.83,0.19,0.01,3.66
2020-01-03,5.28,5.53,5.81,5.26,1092951,611017312.00,10.36,4.14,0.22,4.09
2020-01-06,5.47,5.98,6.09,5.43,1992626,1190115712.00,11.93,8.14,0.45,7.45
2020-01-07,5.80,5.77,5.87,5.59,1617588,936726128.00,4.68,-3.51,-0.21,6.05
2020-01-08,5.64,5.51,5.68,5.44,932408,525299696.00,4.16,-4.51,-0.26,3.49
2020-01-09,5.61,5.62,5.68,5.54,578474,327929168.00,2.54,2.00,0.11,2.16
2020-01-10,5.68,5.55,5.71,5.52,437005,247337566.00,3.38,-1.25,-0.07,1.63
2020-01-13,5.50,5.62,5.63,5.42,421676,235183631.00,3.78,1.26,0.07,1.58
2020-01-14,5.66,5.58,5.66,5.56,330362,187137892.00,1.78,-0.71,-0.04,1.24
2020-01-15,5.56,5.54,5.60,5.49,218975,122694858.00,1.97,-0.72,-0.04,0.82
2020-01-16,5.54,5.46,5.56,5.45,193586,107482410.00,1.99,-1.44,-0.08,0.72
2020-01-17,5.48,5.51,5.63,5.48,288302,161537581.00,2.75,0.92,0.05,1.08
2020-01-20,5.49,5.60,5.61,5.46,312762,175736926.00,2.72,1.63,0.09,1.17
2020-01-21,5.58,5.51,5.62,5.49,261201,146572395.00,2.32,-1.61,-0.09,0.98
2020-01-22,5.46,5.57,5.61,5.40,290278,161766769.00,3.81,1.09,0.06,1.09
2020-01-23,5.52,5.30,5.57,5.22,364241,198907769.00,6.28,-4.85,-0.27,1.36
2020-02-03,4.76,4.76,4.76,4.76,52320,25218240.00,0.00,-10.19,-0.54,0.20
2020-02-04,4.30,4.66,4.74,4.29,498496,232658640.00,9.45,-2.10,-0.10,1.86
2020-02-05,4.65,4.74,4.91,4.62,371616,179437879.00,6.22,1.72,0.08,1.39
2020-02-06,4.74,4.87,4.92,4.69,379303,185256202.00,4.85,2.74,0.13,1.42
2020-02-07,4.85,4.89,4.93,4.80,338152,166523484.00,2.67,0.41,0.02,1.26
2020-02-10,4.84,5.03,5.05,4.84,363275,183184398.00,4.29,2.86,0.14,1.36
2020-02-11,5.01,4.99,5.16,4.96,321806,164173489.00,3.98,-0.80,-0.04,1.20
2020-02-12,4.97,5.28,5.44,4.97,731344,384737072.00,9.42,5.81,0.29,2.74
2020-02-13,5.19,5.14,5.27,5.07,431771,225642364.00,3.79,-2.65,-0.14,1.61
2020-02-14,5.10,5.18,5.29,5.05,425879,223088556.00,4.67,0.78,0.04,1.59
2020-02-17,5.26,5.36,5.42,5.21,563343,301861776.00,4.05,3.47,0.18,2.11
2020-02-18,5.34,5.40,5.40,5.26,413292,222681385.00,2.61,0.75,0.04,1.55
2020-02-19,5.34,5.35,5.53,5.33,530701,291430272.00,3.70,-0.93,-0.05,1.98
2020-02-20,5.35,5.65,5.75,5.26,1038803,577512624.00,9.16,5.61,0.30,3.89
2020-02-21,5.59,5.58,5.81,5.50,906787,516359104.00,5.49,-1.24,-0.07,3.39
2020-02-24,5.54,5.63,5.71,5.50,609531,345378448.00,3.76,0.90,0.05,2.28
2020-02-25,5.49,5.84,5.88,5.43,1106816,633069520.00,7.99,3.73,0.21,4.14
2020-02-26,5.74,5.65,5.97,5.61,895874,525638944.00,6.16,-3.25,-0.19,3.35
2020-02-27,5.66,5.58,5.80,5.58,516222,295217680.00,3.89,-1.24,-0.07,1.93
2020-02-28,5.39,5.22,5.48,5.21,560177,302836576.00,4.84,-6.45,-0.36,2.10
2020-03-02,5.37,5.50,5.58,5.27,529839,291806512.00,5.94,5.36,0.28,1.98
2020-03-03,5.58,5.63,5.78,5.53,665699,380112352.00,4.55,2.36,0.13,2.49
2020-03-04,5.60,5.85,5.85,5.60,771758,447479824.00,4.44,3.91,0.22,2.89
2020-03-05,5.94,5.90,6.09,5.77,1120772,670417088.00,5.47,0.85,0.05,4.19
2020-03-06,5.77,5.69,5.85,5.64,663020,385086448.00,3.56,-3.56,-0.21,2.48
2020-03-09,5.69,6.10,6.27,5.65,2405202,1471135008.00,10.90,7.21,0.41,9.00
2020-03-10,6.24,6.16,6.40,5.82,2222032,1368444208.00,9.51,0.98,0.06,8.31
2020-03-11,6.00,5.84,6.06,5.84,1174916,707220560.00,3.57,-5.19,-0.32,4.39
2020-03-12,5.76,5.76,5.88,5.65,669221,389973264.00,3.94,-1.37,-0.08,2.50
2020-03-13,5.44,5.76,5.85,5.26,784751,445729328.00,10.24,0.00,0.00,2.94
2020-03-16,5.79,5.29,5.79,5.22,705603,394939600.00,9.90,-8.16,-0.47,2.64
2020-03-17,5.39,5.32,5.44,5.09,468183,251220171.00,6.62,0.57,0.03,1.75
2020-03-18,5.34,5.10,5.39,5.09,425479,226882038.00,5.64,-4.14,-0.22,1.59
2020-03-19,5.01,5.14,5.24,4.99,501108,258753631.00,4.90,0.78,0.04,1.87
2020-03-20,5.17,5.15,5.18,5.02,441230,227654626.00,3.11,0.19,0.01,1.65
2020-03-23,5.00,4.80,5.06,4.78,480149,239740752.00,5.44,-6.80,-0.35,1.80
2020-03-24,4.91,4.91,4.95,4.78,326976,161774425.00,3.54,2.29,0.11,1.22
2020-03-25,5.04,5.05,5.09,4.99,397396,202923861.00,2.04,2.85,0.14,1.49
2020-03-26,5.01,4.96,5.04,4.95,237169,119798067.00,1.78,-1.78,-0.09,0.89
2020-03-27,5.03,4.97,5.09,4.97,273057,138828923.00,2.42,0.20,0.01,1.02
2020-03-30,4.88,4.92,4.97,4.81,229454,113335657.00,3.22,-1.01,-0.05,0.86
2020-03-31,4.94,4.83,4.98,4.80,260340,128684931.00,3.66,-1.83,-0.09,0.97
2020-04-01,4.81,4.78,4.89,4.78,198432,97124999.00,2.28,-1.04,-0.05,0.74
2020-04-02,4.74,4.87,4.87,4.71,216505,105016300.00,3.35,1.88,0.09,0.81
2020-04-03,4.83,4.77,4.84,4.75,186415,90441452.00,1.85,-2.05,-0.10,0.70
2020-04-07,4.87,4.95,4.98,4.84,421266,208920675.00,2.94,3.77,0.18,1.58
2020-04-08,4.88,4.94,4.97,4.87,239210,119280384.00,2.02,-0.20,-0.01,0.89
2020-04-09,4.97,4.97,5.05,4.96,300333,151985773.00,1.82,0.61,0.03,1.12
2020-04-10,4.94,4.84,4.96,4.82,257029,127043182.00,2.82,-2.62,-0.13,0.96
2020-04-13,4.81,4.84,4.87,4.79,116136,56759021.00,1.65,0.00,0.00,0.43
2020-04-14,4.85,4.92,4.96,4.83,208811,103386393.00,2.69,1.65,0.08,0.78
2020-04-15,4.91,4.84,4.94,4.84,190059,93941692.00,2.03,-1.63,-0.08,0.71
2020-04-16,4.81,4.85,4.91,4.80,181715,89428686.00,2.27,0.21,0.01,0.68
2020-04-17,4.89,4.86,4.91,4.85,208688,103135650.00,1.24,0.21,0.01,0.78
2020-04-20,4.86,4.87,4.91,4.85,122483,60368072.00,1.23,0.21,0.01,0.46
2020-04-21,4.85,4.77,4.86,4.74,191346,92597844.00,2.46,-2.05,-0.10,0.72
2020-04-22,4.73,4.78,4.79,4.71,132987,63999384.00,1.68,0.21,0.01,0.50
2020-04-23,4.79,4.72,4.80,4.71,151031,72454205.00,1.88,-1.26,-0.06,0.56
2020-04-24,4.73,4.57,4.73,4.55,236452,110466040.00,3.81,-3.18,-0.15,0.88
2020-04-27,4.57,4.56,4.63,4.55,120050,55881922.00,1.75,-0.22,-0.01,0.45
2020-04-28,4.62,4.57,4.65,4.46,174555,80901441.00,4.17,0.22,0.01,0.65
2020-04-29,4.52,4.54,4.61,4.49,106960,49434177.00,2.63,-0.66,-0.03,0.40
2020-04-30,4.55,4.65,4.68,4.55,203705,95697581.00,2.86,2.42,0.11,0.76
2020-05-06,4.57,4.67,4.67,4.56,169113,79196707.00,2.37,0.43,0.02,0.63
2020-05-07,4.67,4.65,4.72,4.64,132555,62729282.00,1.71,-0.43,-0.02,0.50
2020-05-08,4.68,4.76,4.81,4.64,333223,159638276.00,3.66,2.37,0.11,1.25
2020-05-11,4.77,4.74,4.81,4.70,210971,101787800.00,2.31,-0.42,-0.02,0.79
2020-05-12,4.75,4.70,4.76,4.63,138924,66081382.00,2.74,-0.84,-0.04,0.52
2020-05-13,4.67,4.71,4.73,4.65,112681,53514229.00,1.70,0.21,0.01,0.42
2020-05-14,4.68,4.62,4.68,4.60,125672,59151468.00,1.70,-1.91,-0.09,0.47
2020-05-15,4.66,4.60,4.67,4.60,110020,51587939.00,1.52,-0.43,-0.02,0.41
2020-05-18,4.60,4.59,4.64,4.56,108182,50430248.00,1.74,-0.22,-0.01,0.40
2020-05-19,4.64,4.62,4.67,4.59,91212,42708348.00,1.74,0.65,0.03,0.34
2020-05-20,4.60,4.58,4.64,4.56,115934,53979793.00,1.73,-0.87,-0.04,0.43
2020-05-21,4.59,4.54,4.61,4.53,95867,44366908.00,1.75,-0.87,-0.04,0.36
2020-05-22,4.54,4.46,4.55,4.44,124769,56873513.00,2.42,-1.76,-0.08,0.47
2020-05-25,4.44,4.47,4.49,4.44,65660,29680136.00,1.12,0.22,0.01,0.25
2020-05-26,4.48,4.52,4.52,4.47,88435,40367825.00,1.12,1.12,0.05,0.33
2020-05-27,4.52,4.43,4.53,4.41,108048,48870963.00,2.65,-1.99,-0.09,0.40
2020-05-28,4.43,4.51,4.59,4.43,161058,73779218.00,3.61,1.81,0.08,0.60
2020-05-29,4.48,4.50,4.51,4.46,69955,31853940.00,1.11,-0.22,-0.01,0.26
2020-06-01,4.62,4.68,4.72,4.57,337741,159552414.00,3.33,4.00,0.18,1.26
2020-06-02,4.68,4.72,4.76,4.65,227623,108706453.00,2.35,0.85,0.04,0.85
2020-06-03,4.72,4.63,4.75,4.63,182712,86574033.00,2.54,-1.91,-0.09,0.68
2020-06-04,4.66,4.62,4.66,4.61,105127,49315273.00,1.08,-0.22,-0.01,0.39
2020-06-05,4.62,4.65,4.67,4.58,140556,65905195.00,1.95,0.65,0.03,0.53
2020-06-08,4.67,4.62,4.68,4.60,101015,47485294.00,1.72,-0.65,-0.03,0.38
2020-06-09,4.62,4.66,4.69,4.62,116644,55033658.00,1.52,0.87,0.04,0.44
2020-06-10,4.67,4.61,4.67,4.59,90329,42256554.00,1.72,-1.07,-0.05,0.34
2020-06-11,4.56,4.53,4.65,4.52,191609,88789061.00,2.82,-1.74,-0.08,0.72
2020-06-12,4.45,4.51,4.53,4.44,127539,58041332.00,1.99,-0.44,-0.02,0.48
2020-06-15,4.53,4.50,4.60,4.50,118399,54565952.00,2.22,-0.22,-0.01,0.44
2020-06-16,4.60,4.61,4.71,4.59,206271,96884974.00,2.67,2.44,0.11,0.77
2020-06-17,4.57,4.56,4.58,4.52,151740,69915314.00,1.30,-1.08,-0.05,0.57
2020-06-18,4.53,4.59,4.65,4.53,144581,67179958.00,2.63,0.66,0.03,0.54
2020-06-19,4.58,4.71,4.73,4.57,326336,154196834.00,3.49,2.61,0.12,1.22
2020-06-22,4.69,4.77,4.94,4.67,482230,235715384.00,5.73,1.27,0.06,1.80
2020-06-23,4.78,4.79,4.80,4.71,248287,119445347.00,1.89,0.42,0.02,0.93
2020-06-24,4.78,4.71,4.86,4.71,209353,100845629.00,3.13,-1.67,-0.08,0.78
2020-06-29,4.67,4.55,4.69,4.54,212358,98610866.00,3.18,-3.40,-0.16,0.79
2020-06-30,4.57,4.64,4.68,4.56,187598,87799457.00,2.64,1.98,0.09,0.70
2020-07-01,4.67,4.73,4.74,4.62,270947,128496427.00,2.59,1.94,0.09,1.01
2020-07-02,4.76,5.15,5.21,4.75,973252,490083360.00,9.73,8.88,0.42,3.64
2020-07-03,5.18,5.52,5.60,5.15,1330524,717171280.00,8.74,7.18,0.37,4.98
2020-07-06,5.74,6.03,6.06,5.59,1617990,955607040.00,8.51,9.24,0.51,6.05
2020-07-07,6.02,5.93,6.31,5.64,1548313,921024464.00,11.11,-1.66,-0.10,5.79
2020-07-08,5.84,6.22,6.39,5.84,1724402,1066127600.00,9.27,4.89,0.29,6.45
2020-07-09,6.05,6.07,6.31,5.94,1567334,965197952.00,5.95,-2.41,-0.15,5.86
2020-07-10,6.00,6.22,6.52,5.93,1736525,1095954288.00,9.72,2.47,0.15,6.49
2020-07-13,6.14,6.33,6.53,6.12,1499055,959870352.00,6.59,1.77,0.11,5.61
2020-07-14,6.24,6.29,6.34,6.09,1038031,653028096.00,3.95,-0.63,-0.04,3.88
2020-07-15,6.33,5.94,6.38,5.90,866091,535757824.00,7.63,-5.56,-0.35,3.24
2020-07-16,5.92,5.83,6.29,5.81,1166633,714464512.00,8.08,-1.85,-0.11,4.36
2020-07-17,5.94,5.55,6.00,5.42,953130,540920560.00,9.95,-4.80,-0.28,3.56
2020-07-20,5.66,5.97,5.99,5.61,923496,542779344.00,6.85,7.57,0.42,3.45
2020-07-21,6.00,5.88,6.12,5.83,693970,417224176.00,4.86,-1.51,-0.09,2.60
2020-07-22,5.90,5.89,6.13,5.83,756103,457829696.00,5.10,0.17,0.01,2.83
2020-07-23,5.82,5.97,6.03,5.67,746913,441461728.00,6.11,1.36,0.08,2.79
2020-07-24,5.91,5.51,5.96,5.44,779828,446286576.00,8.71,-7.71,-0.46,2.92
2020-07-27,5.55,5.50,5.58,5.37,367402,203404669.00,3.81,-0.18,-0.01,1.37
2020-07-28,5.53,5.49,5.59,5.41,331751,183978957.00,3.27,-0.18,-0.01,1.24
2020-07-29,5.45,5.67,5.69,5.43,470990,267055031.00,4.74,3.28,0.18,1.76
2020-07-30,5.67,5.56,5.71,5.56,395866,224696418.00,2.65,-1.94,-0.11,1.48
2020-07-31,5.54,5.65,5.83,5.53,548906,315804976.00,5.40,1.62,0.09,2.05
2020-08-03,6.03,6.22,6.22,6.03,554429,344630432.00,3.36,10.09,0.57,2.07
2020-08-04,6.54,5.97,6.54,5.95,1413569,884682992.00,9.49,-4.02,-0.25,5.29
2020-08-05,5.84,5.97,6.03,5.80,633846,379067584.00,3.85,0.00,0.00,2.37
2020-08-06,5.95,6.05,6.13,5.82,743635,447472336.00,5.19,1.34,0.08,2.78
2020-08-07,5.90,5.86,5.98,5.71,690279,406916288.00,4.46,-3.14,-0.19,2.58
2020-08-10,5.79,5.86,5.97,5.76,465310,276192176.00,3.58,0.00,0.00,1.74
2020-08-11,5.86,5.70,5.97,5.69,456269,269615632.00,4.78,-2.73,-0.16,1.71
2020-08-12,5.66,5.70,5.75,5.54,354248,202456519.00,3.68,0.00,0.00,1.32
2020-08-13,5.70,5.78,5.82,5.67,301676,174884292.00,2.63,1.40,0.08,1.13
2020-08-14,5.72,5.84,5.85,5.67,301219,175818296.00,3.11,1.04,0.06,1.13
2020-08-17,5.95,6.04,6.19,5.89,816937,498118592.00,5.14,3.42,0.20,3.06
2020-08-18,6.12,6.00,6.12,5.92,506225,307373088.00,3.31,-0.66,-0.04,1.89
2020-08-19,5.97,5.86,6.02,5.86,382211,229159037.00,2.67,-2.33,-0.14,1.43
2020-08-20,5.81,5.81,5.90,5.77,271207,159422436.00,2.22,-0.85,-0.05,1.01
2020-08-21,5.84,5.88,5.92,5.80,248640,147130600.00,2.07,1.20,0.07,0.93
2020-08-24,5.87,5.80,5.91,5.75,270438,158905721.00,2.72,-1.36,-0.08,1.01
2020-08-25,5.80,5.75,5.88,5.73,236063,138311776.00,2.59,-0.86,-0.05,0.88
2020-08-26,5.72,5.59,5.78,5.59,297158,170191843.00,3.30,-2.78,-0.16,1.11
2020-08-27,5.61,5.63,5.68,5.59,172183,98048654.00,1.61,0.72,0.04,0.64
2020-08-28,5.62,5.75,5.77,5.55,262966,150876407.00,3.91,2.13,0.12,0.98
2020-08-31,5.71,5.72,5.85,5.69,349310,204059725.00,2.78,-0.52,-0.03,1.31
2020-09-01,5.68,5.67,5.74,5.61,218816,125221466.00,2.27,-0.87,-0.05,0.82
2020-09-02,5.69,5.67,5.72,5.61,249956,143056636.00,1.94,0.00,0.00,0.93
2020-09-03,5.67,5.62,5.75,5.58,239727,137232440.00,3.00,-0.88,-0.05,0.90
2020-09-04,5.52,5.57,5.59,5.49,189572,106229898.00,1.78,-0.89,-0.05,0.71
2020-09-07,5.63,5.44,5.63,5.44,227510,127010235.00,3.41,-2.33,-0.13,0.85
2020-09-08,5.45,5.54,5.57,5.42,205861,114241625.00,2.76,1.84,0.10,0.77
2020-09-09,5.48,5.46,5.56,5.45,226313,125839831.00,1.99,-1.44,-0.08,0.85
2020-09-10,5.50,5.24,5.54,5.23,233312,127040131.00,5.68,-4.03,-0.22,0.87
2020-09-11,5.22,5.28,5.29,5.19,156528,83053508.00,1.91,0.76,0.04,0.59
2020-09-14,5.29,5.28,5.32,5.24,147062,78528221.00,1.52,0.00,0.00,0.55
2020-09-15,5.25,5.26,5.30,5.23,101863,54200715.00,1.33,-0.38,-0.02,0.38
2020-09-16,5.24,5.29,5.36,5.24,164667,88360260.00,2.28,0.57,0.03,0.62
2020-09-17,5.28,5.29,5.34,5.25,164328,88017030.00,1.70,0.00,0.00,0.61
2020-09-18,5.27,5.51,5.58,5.26,385696,211912843.00,6.05,4.16,0.22,1.44
2020-09-21,5.64,5.49,5.67,5.48,305672,171613828.00,3.45,-0.36,-0.02,1.14
2020-09-22,5.44,5.58,5.78,5.41,535007,303725888.00,6.74,1.64,0.09,2.00
2020-09-23,5.56,5.49,5.60,5.49,211535,118260611.00,1.97,-1.61,-0.09,0.79
2020-09-24,5.49,5.45,5.56,5.43,228298,126874956.00,2.37,-0.73,-0.04,0.85
2020-09-25,5.46,5.53,5.58,5.41,224513,125086027.00,3.12,1.47,0.08,0.84
2020-09-28,5.50,5.49,5.57,5.46,164176,91490391.00,1.99,-0.72,-0.04,0.61
2020-09-29,5.49,5.47,5.56,5.47,163289,90946090.00,1.64,-0.36,-0.02,0.61
2020-09-30,5.47,5.33,5.50,5.29,201196,109545134.00,3.84,-2.56,-0.14,0.75
2020-10-09,5.39,5.44,5.46,5.39,118102,64833978.00,1.31,2.06,0.11,0.44
2020-10-12,5.47,5.68,5.73,5.47,358282,203954442.00,4.78,4.41,0.24,1.34
2020-10-13,5.62,5.61,5.64,5.57,190696,107973272.00,1.23,-1.23,-0.07,0.71
2020-10-14,5.59,5.53,5.62,5.50,139208,78031801.00,2.14,-1.43,-0.08,0.52
2020-10-15,5.53,5.48,5.62,5.47,187679,105209251.00,2.71,-0.90,-0.05,0.70
2020-10-16,5.50,5.49,5.54,5.44,120700,66963623.00,1.82,0.18,0.01,0.45
2020-10-19,5.51,5.44,5.59,5.42,189528,105406032.00,3.10,-0.91,-0.05,0.71
2020-10-20,5.42,5.46,5.46,5.38,120078,65775594.00,1.47,0.37,0.02,0.45
2020-10-21,5.45,5.40,5.47,5.38,105742,57913817.00,1.65,-1.10,-0.06,0.40
2020-10-22,5.40,5.51,5.53,5.38,205395,113523473.00,2.78,2.04,0.11,0.77
2020-10-23,5.50,5.40,5.50,5.39,155974,85811870.00,2.00,-2.00,-0.11,0.58
2020-10-26,5.35,5.27,5.36,5.24,174230,93339392.00,2.22,-2.41,-0.13,0.65
2020-10-27,5.23,5.30,5.31,5.22,93942,50085529.00,1.71,0.57,0.03,0.35
2020-10-28,5.29,5.29,5.32,5.22,99501,53108536.00,1.89,-0.19,-0.01,0.37
2020-10-29,5.23,5.28,5.33,5.22,130320,69406512.00,2.08,-0.19,-0.01,0.49
2020-10-30,5.30,5.08,5.30,5.06,171138,89929644.00,4.55,-3.79,-0.20,0.64
2020-11-02,5.06,5.05,5.17,5.02,154093,79083934.00,2.95,-0.59,-0.03,0.58
2020-11-03,5.04,5.17,5.22,5.04,157279,81983686.00,3.56,2.38,0.12,0.59
2020-11-04,5.17,5.12,5.19,5.08,111553,57911786.00,2.13,-0.97,-0.05,0.42
2020-11-05,5.16,5.22,5.25,5.15,168564,88623559.00,1.95,1.95,0.10,0.63
2020-11-06,5.22,5.24,5.29,5.16,169614,89761439.00,2.49,0.38,0.02,0.63
2020-11-09,5.25,5.37,5.44,5.22,330749,178796297.00,4.20,2.48,0.13,1.24
2020-11-10,5.41,5.27,5.41,5.24,194847,104874608.00,3.17,-1.86,-0.10,0.73
2020-11-11,5.28,5.21,5.28,5.19,147380,77904192.00,1.71,-1.14,-0.06,0.55
2020-11-12,5.20,5.22,5.25,5.16,113673,59854629.00,1.73,0.19,0.01,0.43
2020-11-13,5.21,5.19,5.21,5.14,101917,53322330.00,1.34,-0.57,-0.03,0.38
2020-11-16,5.22,5.29,5.29,5.20,157227,83597274.00,1.73,1.93,0.10,0.59
2020-11-17,5.29,5.26,5.29,5.22,98744,52429721.00,1.32,-0.57,-0.03,0.37
2020-11-18,5.25,5.30,5.33,5.25,144523,77462511.00,1.52,0.76,0.04,0.54
2020-11-19,5.26,5.32,5.34,5.25,126810,67914645.00,1.70,0.38,0.02,0.47
2020-11-20,5.31,5.32,5.33,5.28,91560,49158708.00,0.94,0.00,0.00,0.34
2020-11-23,5.31,5.39,5.49,5.30,286295,156167426.00,3.57,1.32,0.07,1.07
2020-11-24,5.36,5.36,5.42,5.32,157675,85596174.00,1.86,-0.56,-0.03,0.59
2020-11-25,5.38,5.26,5.42,5.26,162884,88150775.00,2.99,-1.87,-0.10,0.61
2020-11-26,5.28,5.33,5.40,5.24,166693,89573131.00,3.04,1.33,0.07,0.62
2020-11-27,5.33,5.41,5.41,5.27,176823,95447644.00,2.63,1.50,0.08,0.66
2020-11-30,5.44,5.41,5.56,5.39,449631,249600695.00,3.14,0.00,0.00,1.68
2020-12-01,5.38,5.53,5.59,5.32,556772,307943328.00,4.99,2.22,0.12,2.08
2020-12-02,5.54,5.58,5.65,5.48,605886,341481712.00,3.07,0.90,0.05,2.27
2020-12-03,5.58,5.70,5.75,5.53,718336,410483632.00,3.94,2.15,0.12,2.69
2020-12-04,5.61,5.54,5.62,5.50,398666,223475266.00,2.11,-2.81,-0.16,1.49
2020-12-07,5.52,5.45,5.59,5.44,205522,114413867.00,2.71,-1.62,-0.09,0.77
2020-12-08,5.44,5.52,5.58,5.43,305910,170419891.00,2.75,1.28,0.07,1.14
2020-12-09,5.53,5.32,5.56,5.31,295718,162886659.00,4.53,-3.62,-0.20,1.11
2020-12-10,5.31,5.28,5.35,5.24,208256,111444937.00,2.07,-0.75,-0.04,0.78
2020-12-11,5.31,5.14,5.31,5.06,282460,147597224.00,4.73,-2.65,-0.14,1.06
2020-12-14,5.13,5.14,5.16,5.09,132067,68475608.00,1.36,0.00,0.00,0.49
2020-12-15,5.13,5.15,5.19,5.09,110274,57294687.00,1.95,0.19,0.01,0.41
2020-12-16,5.16,5.10,5.20,5.09,103507,53671721.00,2.14,-0.97,-0.05,0.39
2020-12-17,5.07,5.21,5.23,5.04,221070,115072086.00,3.73,2.16,0.11,0.83
2020-12-18,5.18,5.18,5.26,5.15,149853,78842538.00,2.11,-0.58,-0.03,0.56
2020-12-21,5.17,5.24,5.27,5.14,160963,84998216.00,2.51,1.16,0.06,0.60
2020-12-22,5.22,5.05,5.23,5.02,217300,112532306.00,4.01,-3.63,-0.19,0.81
2020-12-23,5.09,5.11,5.15,5.06,146055,75419973.00,1.78,1.19,0.06,0.55
2020-12-24,5.08,5.04,5.14,5.01,150606,77270020.00,2.54,-1.37,-0.07,0.56
2020-12-25,5.03,5.55,5.55,5.02,1019760,560935248.00,10.52,10.12,0.51,3.81
2020-12-28,5.54,5.95,6.11,5.44,3078412,1848234304.00,12.07,7.21,0.40,11.51
2020-12-29,6.11,6.37,6.55,6.11,3992374,2591107792.00,7.39,7.06,0.42,14.93
2020-12-30,5.86,6.32,6.54,5.75,3242053,1999357936.00,12.40,-0.78,-0.05,12.13
2020-12-31,6.47,6.96,6.96,6.47,1511235,1043135248.00,7.75,10.13,0.64,5.65
2021-01-04,7.66,7.66,7.66,7.42,1929721,1484559024.00,3.45,10.06,0.70,7.22
2021-01-05,8.09,7.57,8.43,7.41,5836980,4802195712.00,13.32,-1.17,-0.09,21.83
2021-01-06,7.04,6.81,7.17,6.81,2322231,1617074096.00,4.76,-10.04,-0.76,8.69
2021-01-07,6.61,6.26,6.68,6.18,3919498,2541276384.00,7.34,-8.08,-0.55,14.66
2021-01-08,6.32,6.07,6.33,6.02,2364105,1467190496.00,4.95,-3.04,-0.19,8.84
2021-01-11,6.09,6.12,6.19,6.00,2152160,1325589136.00,3.13,0.82,0.05,8.05
2021-01-12,6.02,6.21,6.32,5.95,2507425,1558071104.00,6.05,1.47,0.09,9.38
2021-01-13,6.04,5.81,6.09,5.66,2336089,1385492720.00,6.92,-6.44,-0.40,8.74
2021-01-14,5.74,5.66,5.84,5.63,1199847,692669808.00,3.61,-2.58,-0.15,4.49
2021-01-15,5.66,5.69,5.76,5.57,1013999,581009248.00,3.36,0.53,0.03,3.79
2021-01-18,5.64,5.65,5.75,5.57,928505,532223888.00,3.16,-0.70,-0.04,3.47
2021-01-19,5.67,5.78,6.00,5.64,2037349,1202862672.00,6.37,2.30,0.13,7.62
2021-01-20,5.71,5.74,5.82,5.63,1071802,618188064.00,3.29,-0.69,-0.04,4.01
2021-01-21,5.70,5.69,5.86,5.65,1297640,752673968.00,3.66,-0.87,-0.05,4.85
2021-01-22,5.60,5.35,5.63,5.34,1493012,822757952.00,5.10,-5.98,-0.34,5.58
2021-01-25,5.28,5.26,5.38,5.24,847342,453638992.00,2.62,-1.68,-0.09,3.17
2021-01-26,5.22,5.24,5.36,5.19,653274,348366672.00,3.23,-0.38,-0.02,2.44
2021-01-27,5.22,5.19,5.30,5.17,535854,283126624.00,2.48,-0.95,-0.05,2.00
2021-01-28,5.10,5.17,5.27,5.04,635216,332030032.00,4.43,-0.39,-0.02,2.38
2021-01-29,5.17,5.09,5.20,5.01,632481,326048432.00,3.68,-1.55,-0.08,2.37
2021-02-01,5.10,4.58,5.10,4.58,2016641,953945392.00,10.22,-10.02,-0.51,5.85
2021-02-02,4.49,4.49,4.58,4.41,1558300,707741904.00,3.71,-1.97,-0.09,4.52
2021-02-03,4.53,4.44,4.55,4.43,925964,420882848.00,2.67,-1.11,-0.05,2.69
2021-02-04,4.41,4.32,4.45,4.22,916474,402560528.00,5.18,-2.70,-0.12,2.66
2021-02-05,4.35,4.34,4.49,4.32,914256,406431968.00,3.94,0.46,0.02,2.65
2021-02-08,4.33,4.34,4.37,4.26,645684,283021360.00,2.53,0.00,0.00,1.87
2021-02-09,4.30,4.41,4.43,4.26,817914,361697008.00,3.92,1.61,0.07,2.37
2021-02-10,4.39,4.37,4.41,4.33,801625,355149776.00,1.81,-0.91,-0.04,2.33
2021-02-18,4.42,4.45,4.56,4.40,1130450,512390352.00,3.66,1.83,0.08,3.28
2021-02-19,4.44,4.75,4.77,4.43,1555989,728180288.00,7.64,6.74,0.30,4.51
2021-02-22,4.74,4.72,4.88,4.66,1635656,788424960.00,4.63,-0.63,-0.03,4.74
2021-02-23,4.68,4.65,4.78,4.61,914416,433768320.00,3.60,-1.48,-0.07,2.65
2021-02-24,4.63,4.64,4.71,4.59,796020,375033184.00,2.58,-0.22,-0.01,2.31
2021-02-25,4.66,4.61,4.70,4.59,719991,338131200.00,2.37,-0.65,-0.03,2.09
2021-02-26,4.54,4.56,4.60,4.52,610033,281936016.00,1.74,-1.08,-0.05,1.77
2021-03-01,4.60,4.59,4.62,4.52,549344,253669578.00,2.19,0.66,0.03,1.59
2021-03-02,4.59,4.52,4.62,4.49,671278,309513712.00,2.83,-1.53,-0.07,1.95
2021-03-03,4.51,4.60,4.61,4.49,723028,334541504.00,2.65,1.77,0.08,2.10
2021-03-04,4.57,4.55,4.58,4.50,669073,307828816.00,1.74,-1.09,-0.05,1.94
2021-03-05,4.51,4.63,4.69,4.50,1070399,501984928.00,4.18,1.76,0.08,3.10
2021-03-08,4.68,4.57,4.71,4.56,890938,419036432.00,3.24,-1.30,-0.06,2.58
2021-03-09,4.56,4.39,4.58,4.32,1028024,463787968.00,5.69,-3.94,-0.18,2.98
2021-03-10,4.42,4.36,4.43,4.33,636193,281943968.00,2.28,-0.68,-0.03,1.85
2021-03-11,4.35,4.44,4.44,4.33,615632,273803456.00,2.52,1.83,0.08,1.79
2021-03-12,4.42,4.46,4.51,4.36,759211,341122320.00,3.38,0.45,0.02,2.20
2021-03-15,4.39,4.39,4.42,4.37,495372,220636390.00,1.12,-1.57,-0.07,1.44
2021-03-16,4.40,4.43,4.43,4.38,396377,177112055.00,1.14,0.91,0.04,1.15
2021-03-17,4.42,4.44,4.47,4.40,507519,228109818.00,1.58,0.23,0.01,1.47
2021-03-18,4.44,4.41,4.47,4.40,499517,224335003.00,1.58,-0.68,-0.03,1.45
2021-03-19,4.38,4.37,4.41,4.35,503783,223238529.00,1.36,-0.91,-0.04,1.46
2021-03-22,4.39,4.45,4.47,4.37,623299,279687232.00,2.29,1.83,0.08,1.81
2021-03-23,4.44,4.48,4.52,4.39,711629,321660720.00,2.92,0.67,0.03,2.06
2021-03-24,4.45,4.62,4.79,4.44,1688858,792434784.00,7.81,3.13,0.14,4.90
2021-03-25,4.57,4.60,4.70,4.56,923307,432239408.00,3.03,-0.43,-0.02,2.68
2021-03-26,4.58,4.61,4.63,4.52,671272,311591760.00,2.39,0.22,0.01,1.95
2021-03-29,4.61,4.55,4.62,4.55,489068,226805259.00,1.52,-1.30,-0.06,1.42
2021-03-30,4.54,4.50,4.58,4.49,504103,231090458.00,1.98,-1.10,-0.05,1.46
2021-03-31,4.48,4.44,4.50,4.42,532906,240253832.00,1.78,-1.33,-0.06,1.55
2021-04-01,4.44,4.48,4.48,4.42,427014,192570788.00,1.35,0.90,0.04,1.24
2021-04-02,4.46,4.46,4.48,4.43,383413,173073280.00,1.12,-0.45,-0.02,1.11
2021-04-06,4.47,4.46,4.48,4.45,334652,151386799.00,0.67,0.00,0.00,0.97
2021-04-07,4.47,4.54,4.61,4.44,730875,334936416.00,3.81,1.79,0.08,2.12
2021-04-08,4.51,4.64,4.81,4.51,1872201,887752208.00,6.61,2.20,0.10,5.43
2021-04-09,4.56,4.54,4.59,4.51,973618,448029120.00,1.72,-2.16,-0.10,2.82
2021-04-12,4.52,4.48,4.59,4.48,662047,303431296.00,2.42,-1.32,-0.06,1.92
2021-04-13,4.48,4.42,4.49,4.38,628347,282202704.00,2.46,-1.34,-0.06,1.82
2021-04-14,4.42,4.46,4.47,4.40,443632,199536311.00,1.58,0.90,0.04,1.29
2021-04-15,4.43,4.32,4.44,4.30,898683,396853152.00,3.14,-3.14,-0.14,2.61
2021-04-16,4.31,4.38,4.38,4.30,534404,235560328.00,1.85,1.39,0.06,1.55
2021-04-19,4.37,4.48,4.50,4.36,780850,351282016.00,3.20,2.28,0.10,2.26
2021-04-20,4.48,4.42,4.53,4.41,679543,307313120.00,2.68,-1.34,-0.06,1.97
2021-04-21,4.46,4.51,4.56,4.46,1064044,486207776.00,2.26,2.04,0.09,3.09
2021-04-22,4.51,4.45,4.55,4.43,864428,393809456.00,2.66,-1.33,-0.06,2.51
2021-04-23,4.44,4.42,4.45,4.37,512654,228824424.00,1.80,-0.67,-0.03,1.49
2021-04-26,4.40,4.36,4.44,4.34,576162,256529444.00,2.26,-1.36,-0.06,1.67
2021-04-27,4.33,4.33,4.37,4.28,605878,265225918.00,2.06,-0.69,-0.03,1.76
2021-04-28,4.31,4.35,4.35,4.29,301459,131964793.00,1.39,0.46,0.02,0.87
2021-04-29,4.32,4.42,4.46,4.32,752019,336261312.00,3.22,1.61,0.07,2.18
2021-04-30,4.41,4.36,4.42,4.32,610240,269542064.00,2.26,-1.36,-0.06,1.77
2021-05-06,4.40,4.36,4.43,4.34,418571,185346002.00,2.06,0.00,0.00,1.21
2021-05-07,4.35,4.32,4.36,4.30,396214,173868884.00,1.38,-0.92,-0.04,1.15
2021-05-10,4.31,4.34,4.37,4.30,401228,176070312.00,1.62,0.46,0.02,1.16
2021-05-11,4.32,4.40,4.42,4.31,670690,297139152.00,2.53,1.38,0.06,1.95
2021-05-12,4.37,4.39,4.40,4.35,384106,170524852.00,1.14,-0.23,-0.01,1.11
2021-05-13,4.37,4.39,4.42,4.36,412480,183560494.00,1.37,0.00,0.00,1.20
2021-05-14,4.39,4.64,4.68,4.39,2168178,1002496192.00,6.61,5.69,0.25,6.29
2021-05-17,4.58,4.53,4.61,4.49,1243889,573012496.00,2.59,-2.37,-0.11,3.61
2021-05-18,4.52,4.63,4.70,4.51,1242962,583356480.00,4.19,2.21,0.10,3.61
2021-05-19,4.60,4.64,4.77,4.59,1162130,549069840.00,3.89,0.22,0.01,3.37
2021-05-20,4.61,4.85,5.02,4.60,2539145,1231792704.00,9.05,4.53,0.21,7.37
2021-05-21,4.83,4.71,4.83,4.70,1476503,710589552.00,2.68,-2.89,-0.14,4.28
2021-05-24,4.73,4.68,4.82,4.66,1363195,655298224.00,3.40,-0.64,-0.03,3.95
2021-05-25,4.67,4.83,4.92,4.66,1894970,924612912.00,5.56,3.21,0.15,5.50
2021-05-26,4.88,4.81,5.00,4.79,1912244,946326992.00,4.35,-0.41,-0.02,5.55
2021-05-27,4.76,4.81,4.91,4.75,1159748,567032592.00,3.33,0.00,0.00,3.36
2021-05-28,4.79,5.04,5.09,4.74,2518701,1252708896.00,7.28,4.78,0.23,7.31
2021-05-31,5.12,5.00,5.40,4.98,2959327,1537755280.00,8.33,-0.79,-0.04,8.58
2021-06-01,4.94,5.28,5.46,4.92,3663558,1930865728.00,10.80,5.60,0.28,10.63
2021-06-02,5.13,5.01,5.17,4.96,2496199,1279956512.00,3.98,-5.11,-0.27,7.24
2021-06-03,4.99,4.96,5.06,4.93,1447487,731602160.00,2.59,-1.00,-0.05,4.20
2021-06-04,4.96,4.91,5.13,4.81,1942587,972651392.00,6.45,-1.01,-0.05,5.63
2021-06-07,4.86,4.90,4.98,4.84,918571,455703760.00,2.85,-0.20,-0.01,2.66
2021-06-08,4.87,4.93,4.98,4.87,926510,461542736.00,2.24,0.61,0.03,2.69
2021-06-09,4.92,4.83,4.93,4.82,847446,416792368.00,2.23,-2.03,-0.10,2.46
2021-06-10,4.85,4.93,5.02,4.85,1447405,724285248.00,3.52,2.07,0.10,4.20
2021-06-11,4.91,4.78,4.93,4.78,1223933,602077104.00,3.04,-3.04,-0.15,3.55
2021-06-15,4.77,4.65,4.77,4.62,953756,451883376.00,3.14,-2.72,-0.13,2.77
2021-06-16,4.64,4.69,4.73,4.63,702902,332843680.00,2.15,0.86,0.04,2.04
2021-06-17,4.66,4.69,4.73,4.64,642416,304853584.00,1.92,0.00,0.00,1.86
2021-06-18,4.69,4.75,4.79,4.65,685445,327803584.00,2.99,1.28,0.06,1.99
2021-06-21,4.75,4.71,4.80,4.68,571072,273163104.00,2.53,-0.84,-0.04,1.66
2021-06-22,4.73,4.67,4.75,4.65,600447,285153792.00,2.12,-0.85,-0.04,1.74
2021-06-23,4.66,4.69,4.71,4.63,573767,271579696.00,1.71,0.43,0.02,1.66
2021-06-24,4.68,4.73,4.77,4.67,650152,311214144.00,2.13,0.85,0.04,1.89
2021-06-25,4.73,4.89,4.96,4.70,1509912,741997056.00,5.50,3.38,0.16,4.38
2021-06-28,4.87,4.82,4.90,4.75,1002480,487769312.00,3.07,-1.43,-0.07,2.91
2021-06-29,4.79,4.76,4.82,4.73,568929,274771104.00,1.87,-1.24,-0.06,1.65
2021-06-30,4.75,4.81,4.82,4.70,683593,329351952.00,2.52,1.05,0.05,1.98
2021-07-01,4.84,4.65,4.90,4.65,808291,390125520.00,5.20,-3.33,-0.16,2.34
2021-07-02,4.64,4.46,4.66,4.44,913283,418176544.00,4.73,-4.09,-0.19,2.65
2021-07-05,4.45,4.51,4.51,4.43,514654,233100077.00,1.79,1.12,0.05,1.49
2021-07-06,4.48,4.53,4.53,4.46,455940,207656065.00,1.55,0.44,0.02,1.32
2021-07-07,4.50,4.52,4.56,4.48,388678,178024034.00,1.77,-0.22,-0.01,1.13
2021-07-08,4.56,4.48,4.58,4.48,458413,210372201.00,2.21,-0.88,-0.04,1.33
2021-07-09,4.46,4.50,4.52,4.45,367973,167330618.00,1.56,0.45,0.02,1.07
2021-07-12,4.54,4.57,4.59,4.50,829116,382470848.00,2.00,1.56,0.07,2.40
2021-07-13,4.56,4.44,4.56,4.40,1105506,498304176.00,3.50,-2.84,-0.13,3.21
2021-07-14,4.44,4.46,4.48,4.42,636192,287031600.00,1.35,0.45,0.02,1.85
2021-07-15,4.43,4.45,4.47,4.42,528430,238106061.00,1.12,-0.22,-0.01,1.53
2021-07-16,4.45,4.43,4.49,4.42,564063,254022309.00,1.57,-0.45,-0.02,1.64
2021-07-19,4.53,4.56,4.67,4.52,1678952,780906672.00,3.39,2.93,0.13,4.87
2021-07-20,4.52,4.68,4.73,4.51,1280475,600393248.00,4.82,2.63,0.12,3.71
2021-07-21,4.63,4.65,4.72,4.61,1072519,505370208.00,2.35,-0.64,-0.03,3.11
2021-07-22,4.64,4.75,4.80,4.62,1230351,588476912.00,3.87,2.15,0.10,3.57
2021-07-23,4.73,4.86,5.10,4.70,2349281,1163909744.00,8.42,2.32,0.11,6.81
2021-07-26,4.80,4.74,4.96,4.74,1805415,884196096.00,4.53,-2.47,-0.12,5.24
2021-07-27,4.73,4.70,4.93,4.67,1464081,709158000.00,5.49,-0.84,-0.04,4.25
2021-07-28,4.66,4.57,4.74,4.52,1144476,535208640.00,4.68,-2.77,-0.13,3.32
2021-07-29,4.62,4.74,4.84,4.59,1358455,651086800.00,5.47,3.72,0.17,3.94
2021-07-30,4.55,4.40,4.56,4.31,1801054,807111264.00,5.27,-7.17,-0.34,5.22
2021-08-02,4.36,4.48,4.57,4.30,1063502,475460592.00,6.14,1.82,0.08,3.08
2021-08-03,4.43,4.66,4.84,4.43,1893699,887697520.00,9.15,4.02,0.18,5.49
2021-08-04,4.65,4.65,4.70,4.60,854781,400068592.00,2.15,-0.21,-0.01,2.48
2021-08-05,4.61,4.53,4.67,4.50,755200,348441312.00,3.66,-2.58,-0.12,2.19
2021-08-06,4.55,4.50,4.58,4.47,609051,277558016.00,2.43,-0.66,-0.03,1.77
2021-08-09,4.48,4.59,4.64,4.47,781364,361706144.00,3.78,2.00,0.09,2.27
2021-08-10,4.57,4.65,4.65,4.55,796364,370106928.00,2.18,1.31,0.06,2.31
2021-08-11,4.63,4.61,4.68,4.59,730733,340881216.00,1.94,-0.86,-0.04,2.12
2021-08-12,4.60,4.56,4.62,4.54,558137,257545584.00,1.74,-1.08,-0.05,1.62
2021-08-13,4.58,4.53,4.59,4.50,552147,252663064.00,1.97,-0.66,-0.03,1.60
2021-08-16,4.54,4.60,4.63,4.52,814625,376993600.00,2.43,1.55,0.07,2.36
2021-08-17,4.58,4.58,4.75,4.56,1402640,658202352.00,4.13,-0.43,-0.02,4.07
2021-08-18,4.56,4.85,4.88,4.54,2444996,1170229136.00,7.42,5.90,0.27,7.09
2021-08-19,4.78,4.91,5.11,4.76,2641763,1301090672.00,7.22,1.24,0.06,7.66
2021-08-20,4.87,4.92,4.96,4.80,1880744,927575440.00,3.26,0.20,0.01,5.46
2021-08-23,4.92,4.87,4.99,4.84,1514977,748772096.00,3.05,-1.02,-0.05,4.39
2021-08-24,4.83,4.87,4.93,4.79,1320983,646725728.00,2.87,0.00,0.00,3.83
2021-08-25,4.84,4.81,4.87,4.77,844678,409563280.00,2.05,-1.23,-0.06,2.45
2021-08-26,4.80,4.81,4.88,4.78,854064,415608752.00,2.08,0.00,0.00,2.48
2021-08-27,4.82,4.83,4.88,4.79,834565,405891360.00,1.87,0.42,0.02,2.42
2021-08-30,4.91,4.74,4.92,4.71,1291635,624101360.00,4.35,-1.86,-0.09,3.75
2021-08-31,4.74,4.84,4.86,4.71,1147983,553939952.00,3.16,2.11,0.10,3.33
2021-09-01,4.81,4.95,5.07,4.80,2232038,1111796512.00,5.58,2.27,0.11,6.47
2021-09-02,4.92,5.06,5.14,4.90,2096879,1065238480.00,4.85,2.22,0.11,6.08
2021-09-03,5.25,5.02,5.30,5.01,2123414,1089870656.00,5.73,-0.79,-0.04,6.16
2021-09-06,4.99,5.18,5.23,4.98,2149663,1111784912.00,4.98,3.19,0.16,6.24
2021-09-07,5.13,5.18,5.23,5.08,1679034,869489824.00,2.90,0.00,0.00,4.87
2021-09-08,5.16,5.24,5.34,5.13,1784087,942467856.00,4.05,1.16,0.06,5.17
2021-09-09,5.19,5.18,5.22,5.12,1350490,702924080.00,1.91,-1.15,-0.06,3.92
2021-09-10,5.19,5.15,5.29,5.12,1697086,890324288.00,3.28,-0.58,-0.03,4.92
2021-09-13,5.16,5.20,5.28,5.14,1224668,643592016.00,2.72,0.97,0.05,3.55
2021-09-14,5.19,5.08,5.35,5.05,1775665,931602944.00,5.77,-2.31,-0.12,5.15
2021-09-15,5.06,5.38,5.59,5.04,4455478,2437050000.00,10.83,5.91,0.30,12.92
2021-09-16,5.31,5.13,5.37,5.10,2795273,1472619952.00,5.02,-4.65,-0.25,8.11
2021-09-17,5.12,5.05,5.16,5.01,1443127,737715872.00,2.92,-1.56,-0.08,4.19
2021-09-22,4.99,5.08,5.12,4.98,983626,501675824.00,2.77,0.59,0.03,2.85
2021-09-23,5.05,5.12,5.19,5.04,1034530,534593504.00,2.95,0.79,0.04,3.00
2021-09-24,5.13,4.99,5.15,4.97,983599,500974112.00,3.52,-2.54,-0.13,2.85
2021-09-27,5.00,4.81,5.02,4.78,1106183,543789152.00,4.81,-3.61,-0.18,3.21
2021-09-28,4.84,4.86,4.90,4.81,593423,290411648.00,1.87,1.04,0.05,1.72
2021-09-29,4.81,4.78,4.82,4.71,746653,358840336.00,2.26,-1.65,-0.08,2.17
2021-09-30,4.78,4.77,4.81,4.73,445342,214163210.00,1.67,-0.21,-0.01,1.29
2021-10-08,4.82,4.82,4.83,4.76,522805,253362531.00,1.47,1.05,0.05,1.52
2021-10-11,4.84,4.82,4.87,4.80,439084,213736227.00,1.45,0.00,0.00,1.27
2021-10-12,4.80,4.72,4.80,4.67,551060,262662318.00,2.70,-2.07,-0.10,1.60
2021-10-13,4.72,4.74,4.77,4.68,332845,158675385.00,1.91,0.42,0.02,0.97
2021-10-14,4.73,4.72,4.74,4.67,358114,169946545.00,1.48,-0.42,-0.02,1.04
2021-10-15,4.68,4.64,4.71,4.63,404096,190605432.00,1.69,-1.69,-0.08,1.17
2021-10-18,4.65,4.67,4.67,4.61,273828,128376541.00,1.29,0.65,0.03,0.79
2021-10-19,4.68,4.70,4.72,4.64,344491,163333099.00,1.71,0.64,0.03,1.00
2021-10-20,4.70,4.68,4.71,4.67,249372,117976832.00,0.85,-0.43,-0.02,0.72
2021-10-21,4.69,4.70,4.75,4.67,444078,210961640.00,1.71,0.43,0.02,1.29
2021-10-22,4.71,4.68,4.73,4.66,331763,157061560.00,1.49,-0.43,-0.02,0.96
2021-10-25,4.67,4.72,4.72,4.54,696577,325578128.00,3.85,0.85,0.04,2.02
2021-10-26,4.67,4.69,4.73,4.66,330744,156420143.00,1.48,-0.64,-0.03,0.96
2021-10-27,4.69,4.58,4.69,4.56,381012,176749241.00,2.77,-2.35,-0.11,1.11
2021-10-28,4.56,4.49,4.60,4.48,374733,171853592.00,2.62,-1.97,-0.09,1.09
2021-10-29,4.51,4.55,4.56,4.47,372951,170294958.00,2.00,1.34,0.06,1.08
2021-11-01,4.65,4.68,4.73,4.61,686939,324475376.00,2.64,2.86,0.13,1.99
2021-11-02,4.66,4.58,4.70,4.53,547494,254436202.00,3.63,-2.14,-0.10,1.59
2021-11-03,4.58,4.59,4.61,4.56,280467,129695470.00,1.09,0.22,0.01,0.81
2021-11-04,4.61,4.60,4.63,4.58,298255,138425837.00,1.09,0.22,0.01,0.87
2021-11-05,4.58,4.55,4.60,4.55,331819,153074694.00,1.09,-1.09,-0.05,0.96
2021-11-08,4.55,4.60,4.62,4.54,326183,150736086.00,1.76,1.10,0.05,0.95
2021-11-09,4.60,4.63,4.64,4.58,333533,155151486.00,1.30,0.65,0.03,0.97
2021-11-10,4.61,4.64,4.65,4.59,366347,170924467.00,1.30,0.22,0.01,1.06
2021-11-11,4.64,4.71,4.73,4.63,630234,298735328.00,2.16,1.51,0.07,1.83
2021-11-12,4.69,4.69,4.72,4.67,380464,179926389.00,1.06,-0.42,-0.02,1.10
2021-11-15,4.72,4.66,4.73,4.64,420817,198148433.00,1.92,-0.64,-0.03,1.22
2021-11-16,4.65,4.61,4.68,4.60,369425,172921079.00,1.72,-1.07,-0.05,1.07
2021-11-17,4.61,4.60,4.63,4.58,315396,146483969.00,1.08,-0.22,-0.01,0.91
2021-11-18,4.60,4.58,4.62,4.57,327610,151705355.00,1.09,-0.43,-0.02,0.95
2021-11-19,4.57,4.67,4.68,4.56,583827,272549920.00,2.62,1.97,0.09,1.69
2021-11-22,4.65,4.66,4.69,4.63,498097,234042795.00,1.28,-0.21,-0.01,1.44
2021-11-23,4.64,4.69,4.72,4.64,653992,309336048.00,1.72,0.64,0.03,1.90
2021-11-24,4.67,4.67,4.69,4.65,348842,164341208.00,0.85,-0.43,-0.02,1.01
2021-11-25,4.68,4.64,4.68,4.63,349136,163821389.00,1.07,-0.64,-0.03,1.01
2021-11-26,4.64,4.63,4.66,4.61,332065,155325958.00,1.08,-0.22,-0.01,0.96
2021-11-29,4.59,4.59,4.62,4.57,381789,176969404.00,1.08,-0.86,-0.04,1.11
2021-11-30,4.60,4.61,4.64,4.58,319032,148476541.00,1.31,0.44,0.02,0.93
2021-12-01,4.60,4.67,4.68,4.59,384793,180374483.00,1.95,1.30,0.06,1.12
2021-12-02,4.65,4.67,4.70,4.65,438233,206438110.00,1.07,0.00,0.00,1.27
2021-12-03,4.68,4.71,4.72,4.66,450112,212643617.00,1.28,0.86,0.04,1.31
2021-12-06,4.73,4.73,4.86,4.70,997559,480049808.00,3.40,0.42,0.02,2.89
2021-12-07,4.80,4.74,4.80,4.71,617298,295154656.00,1.90,0.21,0.01,1.79
2021-12-08,4.75,4.80,4.80,4.70,631614,302480608.00,2.11,1.27,0.06,1.83
2021-12-09,4.79,4.86,4.95,4.78,1185755,581168592.00,3.54,1.25,0.06,3.44
2021-12-10,4.83,4.82,4.86,4.79,740340,359004752.00,1.44,-0.82,-0.04,2.15
2021-12-13,4.91,4.80,4.92,4.78,860971,420379616.00,2.90,-0.41,-0.02,2.50
2021-12-14,4.78,4.77,4.83,4.75,528386,254486660.00,1.67,-0.63,-0.03,1.53
2021-12-15,4.77,4.78,4.84,4.75,422179,203615486.00,1.89,0.21,0.01,1.22
2021-12-16,4.80,4.82,4.82,4.77,419045,202379199.00,1.05,0.84,0.04,1.22
2021-12-17,4.82,4.82,4.89,4.79,691763,336654784.00,2.07,0.00,0.00,2.01
2021-12-20,4.80,4.75,4.84,4.75,530144,255935149.00,1.87,-1.45,-0.07,1.54
2021-12-21,4.77,4.89,4.91,4.74,976625,475619280.00,3.58,2.95,0.14,2.83
2021-12-22,4.87,4.85,4.90,4.84,608459,297896528.00,1.23,-0.82,-0.04,1.76
2021-12-23,4.85,4.80,4.88,4.78,500444,242545933.00,2.06,-1.03,-0.05,1.45
2021-12-24,4.81,4.77,4.85,4.77,414143,200119169.00,1.67,-0.63,-0.03,1.20
2021-12-27,4.76,4.78,4.81,4.75,297138,142871000.00,1.26,0.21,0.01,0.86
2021-12-28,4.78,4.84,4.84,4.76,440852,212818990.00,1.67,1.26,0.06,1.28
2021-12-29,4.82,4.82,4.84,4.79,394354,191059943.00,1.03,-0.41,-0.02,1.14
2021-12-30,4.80,4.86,4.89,4.80,609211,297683360.00,1.87,0.83,0.04,1.77
2021-12-31,4.85,4.88,4.91,4.84,589263,289239024.00,1.44,0.41,0.02,1.71
2022-01-04,4.88,4.94,4.97,4.86,797479,394922592.00,2.25,1.23,0.06,2.31
2022-01-05,4.94,4.89,5.00,4.88,744754,369416880.00,2.43,-1.01,-0.05,2.16
2022-01-06,4.87,4.84,4.91,4.82,673512,329357632.00,1.84,-1.02,-0.05,1.95
2022-01-07,4.86,4.82,4.91,4.80,569930,278553152.00,2.27,-0.41,-0.02,1.65
2022-01-10,4.90,4.90,5.02,4.88,1379838,685058144.00,2.90,1.66,0.08,4.00
2022-01-11,4.91,5.10,5.37,4.89,2785816,1441446224.00,9.80,4.08,0.20,8.08
2022-01-12,5.05,5.05,5.15,4.99,1519704,771391984.00,3.14,-0.98,-0.05,4.41
2022-01-13,5.07,5.08,5.17,5.04,1250919,641290064.00,2.57,0.59,0.03,3.63
2022-01-14,5.03,4.93,5.08,4.92,1296699,650214208.00,3.15,-2.95,-0.15,3.76
2022-01-17,4.89,4.97,4.98,4.88,921432,456924208.00,2.03,0.81,0.04,2.67
2022-01-18,5.07,5.14,5.35,5.01,2542640,1321070944.00,6.84,3.42,0.17,7.38
2022-01-19,5.07,5.39,5.39,5.06,2852693,1514238064.00,6.42,4.86,0.25,8.27
2022-01-20,5.44,5.29,5.46,5.22,2601792,1396287984.00,4.45,-1.86,-0.10,7.55
2022-01-21,5.24,5.32,5.49,5.23,2047160,1100643888.00,4.91,0.57,0.03,5.94
2022-01-24,5.24,5.14,5.30,5.14,1450859,759651344.00,3.01,-3.38,-0.18,4.21
2022-01-25,5.09,4.98,5.19,4.98,1570999,803439392.00,4.09,-3.11,-0.16,4.56
2022-01-26,5.02,5.31,5.38,5.01,2467149,1290313424.00,7.43,6.63,0.33,7.16
2022-01-27,5.24,5.12,5.28,5.07,1846961,961256032.00,3.95,-3.58,-0.19,5.36
2022-01-28,5.14,5.01,5.23,4.99,1581896,813202880.00,4.69,-2.15,-0.11,4.59
2022-02-07,5.10,5.05,5.11,4.99,946617,480396096.00,2.40,0.80,0.04,2.75
2022-02-08,5.05,5.25,5.30,5.01,1753443,909465824.00,5.74,3.96,0.20,5.09
2022-02-09,5.19,5.23,5.26,5.17,1256064,658417536.00,1.71,-0.38,-0.02,3.64
2022-02-10,5.21,5.37,5.46,5.18,1987650,1062690576.00,5.35,2.68,0.14,5.77
2022-02-11,5.32,5.27,5.46,5.25,1832361,982639968.00,3.91,-1.86,-0.10,5.32
2022-02-14,5.20,5.13,5.24,5.09,1340123,695529904.00,2.85,-2.66,-0.14,3.89
2022-02-15,5.12,5.16,5.16,5.10,797843,411653104.00,1.17,0.58,0.03,2.31
2022-02-16,5.19,5.14,5.22,5.11,799988,414264576.00,2.13,-0.39,-0.02,2.32
2022-02-17,5.12,4.99,5.13,4.98,1275906,645931664.00,2.92,-2.92,-0.15,3.70
2022-02-18,4.95,5.04,5.08,4.93,744442,376056864.00,3.01,1.00,0.05,2.16
2022-02-21,5.06,5.06,5.08,5.02,695726,353196240.00,1.19,0.40,0.02,2.02
2022-02-22,5.01,4.96,5.07,4.93,820434,411346480.00,2.77,-1.98,-0.10,2.38
2022-02-23,4.97,5.02,5.03,4.93,747438,374774240.00,2.02,1.21,0.06,2.17
2022-02-24,5.00,4.75,5.03,4.67,1579492,768695392.00,7.17,-5.38,-0.27,4.58
2022-02-25,4.80,4.74,4.85,4.74,723097,348362720.00,2.32,-0.21,-0.01,2.10
2022-02-28,4.74,4.75,4.78,4.67,495806,236053099.00,2.32,0.21,0.01,1.44
2022-03-01,4.74,4.78,4.78,4.72,490070,234425303.00,1.26,0.63,0.03,1.42
2022-03-02,4.75,4.75,4.78,4.72,398419,190504868.00,1.26,-0.63,-0.03,1.16
2022-03-03,4.76,4.76,4.80,4.74,475546,228253057.00,1.26,0.21,0.01,1.38
2022-03-04,4.73,4.65,4.74,4.64,657693,309998928.00,2.10,-2.31,-0.11,1.91
2022-03-07,4.62,4.64,4.70,4.61,491375,230109382.00,1.94,-0.22,-0.01,1.43
2022-03-08,4.63,4.58,4.70,4.58,633842,296128144.00,2.59,-1.29,-0.06,1.84
2022-03-09,4.61,4.51,4.63,4.37,760663,345112928.00,5.68,-1.53,-0.07,2.21
2022-03-10,4.60,4.52,4.61,4.51,529556,243122170.00,2.22,0.22,0.01,1.54
2022-03-11,4.46,4.66,4.71,4.43,942843,434554256.00,6.19,3.10,0.14,2.73
2022-03-14,4.60,4.59,4.69,4.58,574114,267636948.00,2.36,-1.50,-0.07,1.67
2022-03-15,4.57,4.45,4.68,4.44,802130,370474464.00,5.23,-3.05,-0.14,2.33
2022-03-16,4.51,4.67,4.71,4.45,1092790,506443008.00,5.84,4.94,0.22,3.17
2022-03-17,4.68,4.65,4.73,4.62,1013787,475917360.00,2.36,-0.43,-0.02,2.94
2022-03-18,4.64,4.66,4.69,4.61,661510,309882480.00,1.72,0.22,0.01,1.92
2022-03-21,4.66,4.62,4.66,4.60,498263,232044410.00,1.29,-0.86,-0.04,1.45
2022-03-22,4.59,4.60,4.65,4.59,430547,200067262.00,1.30,-0.43,-0.02,1.25
2022-03-23,4.62,4.58,4.64,4.58,329703,152727583.00,1.30,-0.43,-0.02,0.96
2022-03-24,4.56,4.51,4.57,4.50,406293,185423532.00,1.53,-1.53,-0.07,1.18
2022-03-25,4.53,4.53,4.59,4.51,377325,172452517.00,1.77,0.44,0.02,1.09
2022-03-28,4.51,4.57,4.61,4.48,417882,191734463.00,2.87,0.88,0.04,1.21
2022-03-29,4.56,4.52,4.59,4.51,300741,137488740.00,1.75,-1.09,-0.05,0.87
2022-03-30,4.57,4.64,4.66,4.55,735889,341878720.00,2.43,2.65,0.12,2.13
2022-03-31,4.61,4.60,4.65,4.60,442223,205564721.00,1.08,-0.86,-0.04,1.28
2022-04-01,4.58,4.64,4.65,4.57,535726,249262721.00,1.74,0.87,0.04,1.55
2022-04-06,4.62,4.66,4.67,4.60,505386,236200764.00,1.51,0.43,0.02,1.47
2022-04-07,4.64,4.56,4.68,4.55,538131,250096606.00,2.79,-2.15,-0.10,1.56
2022-04-08,4.56,4.61,4.62,4.51,456199,210171437.00,2.41,1.10,0.05,1.32
2022-04-11,4.59,4.49,4.60,4.45,536004,243809481.00,3.25,-2.60,-0.12,1.55
2022-04-12,4.50,4.61,4.65,4.47,601527,276658832.00,4.01,2.67,0.12,1.74
2022-04-13,4.57,4.54,4.63,4.54,463253,213669669.00,1.95,-1.52,-0.07,1.34
2022-04-14,4.58,4.60,4.63,4.57,488406,226349946.00,1.32,1.32,0.06,1.42
2022-04-15,4.58,4.55,4.61,4.52,457058,210145153.00,1.96,-1.09,-0.05,1.33
2022-04-18,4.49,4.47,4.50,4.44,467327,210117551.00,1.32,-1.76,-0.08,1.36
2022-04-19,4.48,4.46,4.49,4.41,345259,154697985.00,1.79,-0.22,-0.01,1.00
2022-04-20,4.45,4.39,4.48,4.38,385188,171479196.00,2.24,-1.57,-0.07,1.12
2022-04-21,4.40,4.31,4.41,4.30,515472,226217991.00,2.51,-1.82,-0.08,1.50
2022-04-22,4.27,4.29,4.33,4.26,321082,139007712.00,1.62,-0.46,-0.02,0.93
2022-04-25,4.24,4.07,4.30,4.04,613094,258803482.00,6.06,-5.13,-0.22,1.78
2022-04-26,4.08,3.86,4.10,3.81,652147,259721391.00,7.13,-5.16,-0.21,1.89
2022-04-27,3.82,3.92,3.94,3.70,622418,240165164.00,6.22,1.55,0.06,1.81
2022-04-28,3.91,3.78,3.91,3.75,441566,170417255.00,4.08,-3.57,-0.14,1.28
2022-04-29,3.88,3.93,4.00,3.84,646740,254955982.00,4.23,3.97,0.15,1.88
2022-05-05,3.86,3.86,3.89,3.81,457157,177414736.00,2.04,-1.78,-0.07,1.33
2022-05-06,3.79,3.78,3.83,3.77,324143,123959951.00,1.55,-2.07,-0.08,0.94
2022-05-09,3.75,3.79,3.82,3.74,207147,79202840.00,2.12,0.26,0.01,0.60
2022-05-10,3.77,3.83,3.85,3.75,356538,136895665.00,2.64,1.06,0.04,1.03
2022-05-11,3.81,3.82,3.92,3.81,525811,204685341.00,2.87,-0.26,-0.01,1.53
2022-05-12,3.79,3.82,3.84,3.78,309583,118763810.00,1.57,0.00,0.00,0.90
2022-05-13,3.82,3.84,3.88,3.81,325444,125960549.00,1.83,0.52,0.02,0.94
2022-05-16,3.87,3.83,3.88,3.81,239874,92688048.00,1.82,-0.26,-0.01,0.70
2022-05-17,3.83,3.82,3.83,3.78,191434,73520125.00,1.31,-0.26,-0.01,0.56
2022-05-18,3.80,3.83,3.86,3.80,286820,110886742.00,1.57,0.26,0.01,0.83
2022-05-19,3.79,3.82,3.83,3.78,250714,96014428.00,1.31,-0.26,-0.01,0.73
2022-05-20,3.82,3.88,3.88,3.81,449740,174717213.00,1.83,1.57,0.06,1.30
2022-05-23,3.87,3.91,3.93,3.85,375109,147241501.00,2.06,0.77,0.03,1.09
2022-05-24,3.91,3.79,3.96,3.78,446164,174177342.00,4.60,-3.07,-0.12,1.29
2022-05-25,3.79,3.82,3.82,3.78,234429,89874312.00,1.06,0.79,0.03,0.68
2022-05-26,3.83,3.89,3.93,3.79,444831,173254119.00,3.66,1.83,0.07,1.29
2022-05-27,3.89,3.87,3.92,3.82,333102,130242508.00,2.57,-0.51,-0.02,0.97
2022-05-30,3.88,3.86,3.88,3.84,219965,85589754.00,1.03,-0.26,-0.01,0.64
2022-05-31,3.85,3.90,3.90,3.85,295619,115645875.00,1.30,1.04,0.04,0.86
2022-06-01,3.89,3.88,3.91,3.86,250549,98046705.00,1.28,-0.51,-0.02,0.73
2022-06-02,3.88,3.92,3.94,3.87,351075,138307528.00,1.80,1.03,0.04,1.02
2022-06-06,3.91,3.97,3.99,3.90,474254,188868434.00,2.30,1.28,0.05,1.38
2022-06-07,3.96,3.95,4.03,3.94,527423,211462341.00,2.27,-0.50,-0.02,1.53
2022-06-08,3.94,4.06,4.09,3.93,950197,383524944.00,4.05,2.78,0.11,2.76
2022-06-09,4.04,4.06,4.15,4.00,945564,388391680.00,3.69,0.00,0.00,2.74
2022-06-10,4.02,4.13,4.15,4.00,850083,349846528.00,3.69,1.72,0.07,2.47
2022-06-13,4.08,4.07,4.13,4.04,706791,290584432.00,2.18,-1.45,-0.06,2.05
2022-06-14,4.02,4.23,4.26,4.00,1111100,462023472.00,6.39,3.93,0.16,3.22
2022-06-15,4.25,4.39,4.65,4.25,2498619,1109234656.00,9.46,3.78,0.16,7.25
2022-06-16,4.37,4.22,4.37,4.21,1345949,581765936.00,3.64,-3.87,-0.17,3.90
2022-06-17,4.17,4.20,4.26,4.12,864658,364858896.00,3.32,-0.47,-0.02,2.51
2022-06-20,4.18,4.14,4.22,4.13,585913,245880702.00,2.14,-1.43,-0.06,1.70
2022-06-21,4.15,4.12,4.18,4.08,475393,197806307.00,2.42,-0.48,-0.02,1.38
2022-06-22,4.12,4.05,4.14,4.05,454589,187417163.00,2.18,-1.70,-0.07,1.32
2022-06-23,4.07,4.15,4.17,4.06,647465,268613616.00,2.72,2.47,0.10,1.88
2022-06-24,4.16,4.15,4.19,4.12,527233,220572058.00,1.69,0.00,0.00,1.53
2022-06-27,4.16,4.14,4.19,4.13,402608,168300411.00,1.45,-0.24,-0.01,1.17
2022-06-28,4.14,4.19,4.21,4.11,555572,232227507.00,2.42,1.21,0.05,1.61
2022-06-29,4.17,4.13,4.22,4.12,558274,234712647.00,2.39,-1.43,-0.06,1.62
2022-06-30,4.13,4.14,4.19,4.12,413135,173063569.00,1.69,0.24,0.01,1.20
2022-07-01,4.17,4.09,4.17,4.08,355499,147602501.00,2.17,-1.21,-0.05,1.03
2022-07-04,4.10,4.11,4.12,4.07,200216,82545041.00,1.22,0.49,0.02,0.58
2022-07-05,4.11,4.06,4.13,4.03,344812,141298426.00,2.43,-1.22,-0.05,1.00
2022-07-06,4.06,4.03,4.07,4.02,274636,111868942.00,1.23,-0.74,-0.03,0.80
2022-07-07,4.03,4.03,4.06,4.02,188591,76737664.00,0.99,0.00,0.00,0.55
2022-07-08,4.04,4.04,4.07,4.03,229298,93420057.00,0.99,0.25,0.01,0.67
2022-07-11,4.03,4.00,4.04,3.99,232368,93933068.00,1.24,-0.99,-0.04,0.67
2022-07-12,4.01,4.03,4.06,3.98,276319,111416929.00,2.00,0.75,0.03,0.80
2022-07-13,4.01,4.03,4.06,4.01,191199,77341565.00,1.24,0.00,0.00,0.55
2022-07-14,4.02,4.03,4.04,4.00,167927,67708514.00,0.99,0.00,0.00,0.49
2022-07-15,3.93,3.77,3.93,3.76,780972,299864635.00,4.22,-6.45,-0.26,2.27
2022-07-18,3.79,3.84,3.86,3.78,280013,107371723.00,2.12,1.86,0.07,0.81
2022-07-19,3.84,3.89,3.91,3.82,300740,116594036.00,2.34,1.30,0.05,0.87
2022-07-20,3.91,3.89,3.91,3.86,220931,86047427.00,1.29,0.00,0.00,0.64
2022-07-21,3.88,3.86,3.90,3.86,206121,80087087.00,1.03,-0.77,-0.03,0.60
2022-07-22,3.87,3.86,3.91,3.84,209337,81277760.00,1.81,0.00,0.00,0.61
2022-07-25,3.87,3.85,3.88,3.84,134734,52099797.00,1.04,-0.26,-0.01,0.39
2022-07-26,3.85,3.87,3.88,3.83,162551,62837288.00,1.30,0.52,0.02,0.47
2022-07-27,3.86,3.86,3.87,3.84,129325,49982047.00,0.78,-0.26,-0.01,0.38
2022-07-28,3.87,3.89,3.93,3.86,276784,108309883.00,1.81,0.78,0.03,0.80
2022-07-29,3.89,3.88,3.92,3.87,222585,86924771.00,1.29,-0.26,-0.01,0.65
2022-08-01,3.87,3.87,3.89,3.85,188450,73047189.00,1.03,-0.26,-0.01,0.55
2022-08-02,3.85,3.71,3.86,3.67,473944,177771655.00,4.91,-4.13,-0.16,1.37
2022-08-03,3.71,3.67,3.76,3.65,245188,91380762.00,2.96,-1.08,-0.04,0.71
2022-08-04,3.67,3.70,3.71,3.63,259859,95928606.00,2.18,0.82,0.03,0.75
2022-08-05,3.69,3.77,3.78,3.69,299508,112052373.00,2.43,1.89,0.07,0.87
2022-08-08,3.77,3.78,3.79,3.75,194739,73604541.00,1.06,0.27,0.01,0.56
2022-08-09,3.77,3.76,3.79,3.75,183963,69534870.00,1.06,-0.53,-0.02,0.53
2022-08-10,3.76,3.77,3.82,3.75,175994,66772495.00,1.86,0.27,0.01,0.51
2022-08-11,3.79,3.95,3.95,3.78,650522,253898233.00,4.51,4.77,0.18,1.89
2022-08-12,3.92,3.97,3.98,3.90,440064,174424689.00,2.03,0.51,0.02,1.28
2022-08-15,3.92,3.93,3.97,3.91,263235,103907405.00,1.51,-1.01,-0.04,0.76
2022-08-16,3.95,3.93,3.97,3.91,238231,94033362.00,1.53,0.00,0.00,0.69
2022-08-17,3.93,3.99,4.01,3.91,390158,155396083.00,2.54,1.53,0.06,1.13
2022-08-18,3.99,3.98,4.00,3.95,274692,109382681.00,1.25,-0.25,-0.01,0.80
2022-08-19,3.98,3.96,4.01,3.95,249270,99583024.00,1.51,-0.50,-0.02,0.72
2022-08-22,3.95,3.92,3.98,3.92,237433,93840856.00,1.52,-1.01,-0.04,0.69
2022-08-23,3.92,3.94,4.00,3.89,336961,132849019.00,2.81,0.51,0.02,0.98
2022-08-24,3.94,3.88,4.02,3.87,442657,175090183.00,3.81,-1.52,-0.06,1.28
2022-08-25,3.91,3.95,3.98,3.88,341433,134354991.00,2.58,1.80,0.07,0.99
2022-08-26,3.95,3.89,3.97,3.88,288330,113375661.00,2.28,-1.52,-0.06,0.84
2022-08-29,3.87,3.88,3.89,3.83,274211,106177819.00,1.54,-0.26,-0.01,0.80
2022-08-30,3.87,3.92,3.94,3.87,308526,120652101.00,1.80,1.03,0.04,0.89
2022-08-31,3.91,3.90,3.95,3.88,378932,148788663.00,1.79,-0.51,-0.02,1.10
2022-09-01,3.90,3.84,3.92,3.84,274065,106661325.00,2.05,-1.54,-0.06,0.79
2022-09-02,3.85,3.85,3.89,3.83,183052,70794277.00,1.56,0.26,0.01,0.53
2022-09-05,3.85,3.90,3.91,3.84,200911,78143465.00,1.82,1.30,0.05,0.58
2022-09-06,3.92,3.93,3.94,3.90,209915,82482619.00,1.03,0.77,0.03,0.61
2022-09-07,3.92,3.89,3.93,3.88,178583,69794286.00,1.27,-1.02,-0.04,0.52
2022-09-08,3.90,3.89,3.92,3.88,139419,54461514.00,1.03,0.00,0.00,0.40
2022-09-09,3.88,3.93,3.95,3.88,261041,102639674.00,1.80,1.03,0.04,0.76
2022-09-13,3.94,3.91,3.95,3.90,203920,80284603.00,1.27,-0.51,-0.02,0.59
2022-09-14,3.85,3.86,3.88,3.83,235685,91118826.00,1.28,-1.28,-0.05,0.68
2022-09-15,3.87,3.83,3.90,3.82,256428,99270510.00,2.07,-0.78,-0.03,0.74
2022-09-16,3.83,3.68,3.83,3.68,391522,146499786.00,3.92,-3.92,-0.15,1.14
2022-09-19,3.65,3.65,3.68,3.63,218950,80184516.00,1.36,-0.82,-0.03,0.64
2022-09-20,3.66,3.66,3.69,3.65,127484,46820388.00,1.10,0.27,0.01,0.37
2022-09-21,3.65,3.68,3.70,3.60,163161,59808917.00,2.73,0.55,0.02,0.47
2022-09-22,3.67,3.68,3.72,3.65,141946,52483788.00,1.90,0.00,0.00,0.41
2022-09-23,3.67,3.68,3.73,3.64,181662,67268967.00,2.45,0.00,0.00,0.53
2022-09-26,3.66,3.58,3.67,3.57,184263,66982411.00,2.72,-2.72,-0.10,0.53
2022-09-27,3.59,3.63,3.63,3.57,143316,51709354.00,1.68,1.40,0.05,0.42
2022-09-28,3.62,3.54,3.62,3.54,201274,72249992.00,2.20,-2.48,-0.09,0.58
2022-09-29,3.56,3.47,3.59,3.44,223263,78725791.00,4.24,-1.98,-0.07,0.65
2022-09-30,3.48,3.48,3.51,3.46,133180,46537040.00,1.44,0.29,0.01,0.39
2022-10-10,3.47,3.42,3.51,3.42,135874,47234534.00,2.59,-1.72,-0.06,0.39
2022-10-11,3.42,3.48,3.51,3.40,152829,52993826.00,3.22,1.75,0.06,0.44
2022-10-12,3.48,3.58,3.58,3.46,247445,87353511.00,3.45,2.87,0.10,0.72
2022-10-13,3.57,3.55,3.58,3.54,148981,53117844.00,1.12,-0.84,-0.03,0.43
2022-10-14,3.58,3.58,3.63,3.56,175952,63434993.00,1.97,0.85,0.03,0.51
2022-10-17,3.57,3.63,3.63,3.56,185619,67174134.00,1.96,1.40,0.05,0.54
2022-10-18,3.63,3.58,3.64,3.57,200676,72428787.00,1.93,-1.38,-0.05,0.58
2022-10-19,3.57,3.55,3.59,3.53,143253,51094980.00,1.68,-0.84,-0.03,0.42
2022-10-20,3.53,3.54,3.61,3.52,204572,72895006.00,2.54,-0.28,-0.01,0.59
2022-10-21,3.62,3.54,3.65,3.54,255128,91856626.00,3.11,0.00,0.00,0.74
2022-10-24,3.54,3.54,3.65,3.52,392179,141321553.00,3.67,0.00,0.00,1.14
2022-10-25,3.52,3.50,3.56,3.46,275491,96585923.00,2.82,-1.13,-0.04,0.80
2022-10-26,3.49,3.55,3.60,3.49,262346,93524593.00,3.14,1.43,0.05,0.76
2022-10-27,3.55,3.55,3.61,3.54,226440,81023800.00,1.97,0.00,0.00,0.66
2022-10-28,3.54,3.45,3.56,3.44,260320,91425056.00,3.38,-2.82,-0.10,0.76
2022-10-31,3.52,3.59,3.78,3.49,901490,328224879.00,8.41,4.06,0.14,2.61
2022-11-01,3.57,3.66,3.67,3.54,563657,203986026.00,3.62,1.95,0.07,1.63
2022-11-02,3.65,3.64,3.66,3.60,387042,140777880.00,1.64,-0.55,-0.02,1.12
2022-11-03,3.61,3.62,3.63,3.59,258687,93617640.00,1.10,-0.55,-0.02,0.75
2022-11-04,3.60,3.67,3.71,3.60,479377,175994754.00,3.04,1.38,0.05,1.39
2022-11-07,3.65,3.70,3.72,3.64,344651,127337340.00,2.18,0.82,0.03,1.00
2022-11-08,3.71,3.69,3.72,3.66,202562,74922159.00,1.62,-0.27,-0.01,0.59
2022-11-09,3.69,3.68,3.72,3.68,184344,68326209.00,1.08,-0.27,-0.01,0.53
2022-11-10,3.66,3.70,3.73,3.66,243367,90202493.00,1.90,0.54,0.02,0.71
2022-11-11,3.78,3.75,3.80,3.73,471250,177849203.00,1.89,1.35,0.05,1.37
2022-11-14,3.77,3.76,3.84,3.75,457584,173621222.00,2.40,0.27,0.01,1.33
2022-11-15,3.77,3.87,3.92,3.76,675211,261189130.00,4.26,2.93,0.11,1.96
2022-11-16,3.85,3.83,3.88,3.82,308583,119009798.00,1.55,-1.03,-0.04,0.90
2022-11-17,3.82,3.88,3.88,3.82,341436,131968782.00,1.57,1.31,0.05,0.99
2022-11-18,3.87,3.82,3.89,3.81,308274,118915685.00,2.06,-1.55,-0.06,0.89
2022-11-21,3.82,3.76,3.82,3.73,256139,96667152.00,2.36,-1.57,-0.06,0.74
2022-11-22,3.78,3.76,3.80,3.74,238989,90350325.00,1.60,0.00,0.00,0.69
2022-11-23,3.76,3.76,3.78,3.73,199780,75202813.00,1.33,0.00,0.00,0.58
2022-11-24,3.77,3.72,3.78,3.71,226199,84841725.00,1.86,-1.06,-0.04,0.66
2022-11-25,3.71,3.76,3.78,3.70,251583,94754743.00,2.15,1.08,0.04,0.73
2022-11-28,3.73,3.73,3.75,3.70,258430,96520124.00,1.33,-0.80,-0.03,0.75
2022-11-29,3.74,3.85,3.87,3.72,483199,184740871.00,4.02,3.22,0.12,1.40
2022-11-30,3.85,3.83,3.89,3.82,277074,107016051.00,1.82,-0.52,-0.02,0.80
2022-12-01,3.87,3.84,3.94,3.83,376331,146426685.00,2.87,0.26,0.01,1.09
2022-12-02,3.85,3.83,3.87,3.81,222587,85626021.00,1.56,-0.26,-0.01,0.65
2022-12-05,3.87,3.91,3.92,3.86,397140,155244651.00,1.57,2.09,0.08,1.15
2022-12-06,3.90,3.90,3.93,3.87,253688,99116838.00,1.53,-0.26,-0.01,0.74
2022-12-07,3.87,3.84,3.89,3.82,303222,117172328.00,1.79,-1.54,-0.06,0.88
2022-12-08,3.84,3.81,3.85,3.80,213252,81652410.00,1.30,-0.78,-0.03,0.62
2022-12-09,3.83,3.81,3.85,3.79,226873,86788553.00,1.57,0.00,0.00,0.66
2022-12-12,3.82,3.74,3.83,3.73,247797,93668128.00,2.62,-1.84,-0.07,0.72
2022-12-13,3.74,3.74,3.77,3.73,154393,58099540.00,1.07,0.00,0.00,0.45
2022-12-14,3.74,3.75,3.77,3.72,175951,66008995.00,1.34,0.27,0.01,0.51
2022-12-15,3.74,3.72,3.76,3.71,161679,60508763.00,1.33,-0.80,-0.03,0.47
2022-12-16,3.71,3.72,3.74,3.69,152593,56764509.00,1.34,0.00,0.00,0.44
2022-12-19,3.71,3.61,3.73,3.59,258165,94528274.00,3.76,-2.96,-0.11,0.75
2022-12-20,3.59,3.61,3.64,3.59,175396,63561130.00,1.39,0.00,0.00,0.51
2022-12-21,3.63,3.61,3.65,3.60,111765,40580718.00,1.39,0.00,0.00,0.32
2022-12-22,3.65,3.59,3.66,3.58,169446,61550490.00,2.22,-0.55,-0.02,0.49
2022-12-23,3.56,3.60,3.62,3.56,123582,44608680.00,1.67,0.28,0.01,0.36
2022-12-26,3.60,3.58,3.61,3.57,171707,61719992.00,1.11,-0.56,-0.02,0.50
2022-12-27,3.60,3.61,3.63,3.58,144190,52201559.00,1.40,0.84,0.03,0.42
2022-12-28,3.59,3.60,3.63,3.58,141239,51036486.00,1.39,-0.28,-0.01,0.41
2022-12-29,3.58,3.61,3.63,3.56,172717,62323163.00,1.94,0.28,0.01,0.50
2022-12-30,3.61,3.63,3.63,3.60,177996,64598650.00,0.83,0.55,0.02,0.52
2023-01-03,3.60,3.62,3.63,3.57,282953,102162358.00,1.65,-0.28,-0.01,0.82
2023-01-04,3.62,3.67,3.72,3.61,374570,137644666.00,3.04,1.38,0.05,1.09
2023-01-05,3.70,3.68,3.71,3.65,347133,128051801.00,1.63,0.27,0.01,1.01
2023-01-06,3.66,3.66,3.71,3.65,253624,93402034.00,1.63,-0.54,-0.02,0.74
2023-01-09,3.68,3.70,3.74,3.67,291841,108457241.00,1.91,1.09,0.04,0.85
2023-01-10,3.71,3.69,3.76,3.68,248871,92763543.00,2.16,-0.27,-0.01,0.72
2023-01-11,3.70,3.65,3.71,3.64,197870,72924479.00,1.90,-1.08,-0.04,0.57
2023-01-12,3.65,3.66,3.67,3.61,159536,58355142.00,1.64,0.27,0.01,0.46
2023-01-13,3.69,3.73,3.73,3.66,272185,101045741.00,1.91,1.91,0.07,0.79
2023-01-16,3.74,3.84,3.90,3.72,693729,266418234.00,4.83,2.95,0.11,2.01
2023-01-17,3.83,3.89,3.90,3.82,501663,194205329.00,2.08,1.30,0.05,1.46
2023-01-18,3.87,3.90,3.92,3.86,436497,170589171.00,1.54,0.26,0.01,1.27
2023-01-19,3.88,3.97,3.98,3.87,547185,216668910.00,2.82,1.79,0.07,1.59
2023-01-20,3.97,3.93,4.00,3.91,476534,188078656.00,2.27,-1.01,-0.04,1.38
2023-01-30,3.97,3.89,3.98,3.89,461751,181304120.00,2.29,-1.02,-0.04,1.34
2023-01-31,3.88,3.86,3.91,3.83,337531,130635501.00,2.06,-0.77,-0.03,0.98
2023-02-01,3.87,3.95,3.96,3.86,472644,185243060.00,2.59,2.33,0.09,1.37
2023-02-02,4.08,3.94,4.08,3.92,863218,344905173.00,4.05,-0.25,-0.01,2.50
2023-02-03,3.93,3.91,3.95,3.87,398473,156307992.00,2.03,-0.76,-0.03,1.16
2023-02-06,3.89,3.87,3.90,3.85,253476,98436188.00,1.28,-1.02,-0.04,0.74
2023-02-07,3.88,3.87,3.90,3.85,222847,86416571.00,1.29,0.00,0.00,0.65
2023-02-08,3.88,3.84,3.90,3.82,251948,97456134.00,2.07,-0.78,-0.03,0.73
2023-02-09,3.83,3.90,3.90,3.82,332256,129006359.00,2.08,1.56,0.06,0.96
2023-02-10,3.90,3.86,3.91,3.85,272422,105754506.00,1.54,-1.03,-0.04,0.79
2023-02-13,3.86,3.89,3.90,3.85,240832,93661725.00,1.30,0.78,0.03,0.70
2023-02-14,3.89,3.91,3.92,3.87,248110,96958716.00,1.29,0.51,0.02,0.72
2023-02-15,3.90,3.88,3.91,3.87,174116,67763005.00,1.02,-0.77,-0.03,0.51
2023-02-16,3.88,3.84,3.96,3.82,509661,199480802.00,3.61,-1.03,-0.04,1.48
2023-02-17,3.84,3.79,3.86,3.78,303659,116373343.00,2.08,-1.30,-0.05,0.88
2023-02-20,3.83,3.91,3.92,3.82,411776,159783523.00,2.64,3.17,0.12,1.19
2023-02-21,3.91,3.91,3.93,3.87,287834,112589889.00,1.53,0.00,0.00,0.83
2023-02-22,3.90,3.90,3.94,3.88,271124,106230022.00,1.53,-0.26,-0.01,0.79
2023-02-23,3.92,3.91,3.96,3.89,395470,155575054.00,1.79,0.26,0.01,1.15
2023-02-24,3.89,3.88,3.91,3.86,293150,114091478.00,1.28,-0.77,-0.03,0.85
2023-02-27,3.86,3.84,3.88,3.82,219469,84738378.00,1.55,-1.03,-0.04,0.64
2023-02-28,3.84,3.87,3.87,3.83,174815,67545210.00,1.04,0.78,0.03,0.51
2023-03-01,3.87,3.90,3.92,3.86,243637,95068511.00,1.55,0.78,0.03,0.71
2023-03-02,3.90,3.90,3.92,3.88,217230,84975337.00,1.03,0.00,0.00,0.63
2023-03-03,3.91,3.93,3.93,3.87,280049,109698184.00,1.54,0.77,0.03,0.81
2023-03-06,3.92,3.88,3.94,3.87,232633,90781788.00,1.78,-1.27,-0.05,0.67
2023-03-07,3.88,3.82,3.91,3.82,335758,129998812.00,2.32,-1.55,-0.06,0.97
2023-03-08,3.81,3.83,3.83,3.79,264743,101139723.00,1.05,0.26,0.01,0.77
2023-03-09,3.83,3.82,3.84,3.79,177900,68039466.00,1.31,-0.26,-0.01,0.52
2023-03-10,3.80,3.77,3.82,3.76,227622,86362354.00,1.57,-1.31,-0.05,0.66
2023-03-13,3.76,3.77,3.78,3.73,228614,85985659.00,1.33,0.00,0.00,0.66
2023-03-14,3.75,3.73,3.76,3.70,190386,71143647.00,1.59,-1.06,-0.04,0.55
2023-03-15,3.75,3.75,3.77,3.73,188548,70997543.00,1.07,0.54,0.02,0.55
2023-03-16,3.72,3.73,3.77,3.72,160416,60174667.00,1.33,-0.53,-0.02,0.47
2023-03-17,3.75,3.77,3.82,3.74,284083,107817478.00,2.14,1.07,0.04,0.82
2023-03-20,3.78,3.74,3.81,3.73,217353,82159912.00,2.12,-0.80,-0.03,0.63
2023-03-21,3.75,3.77,3.78,3.74,166362,62809104.00,1.07,0.80,0.03,0.48
2023-03-22,3.78,3.77,3.79,3.75,189480,71553769.00,1.06,0.00,0.00,0.55
2023-03-23,3.75,3.80,3.81,3.75,205307,77802155.00,1.59,0.80,0.03,0.60
2023-03-24,3.81,3.80,3.83,3.78,234696,89491998.00,1.32,0.00,0.00,0.68
2023-03-27,3.80,3.80,3.82,3.74,255197,96965890.00,2.11,0.00,0.00,0.74
2023-03-28,3.81,3.81,3.84,3.77,217011,82801235.00,1.84,0.26,0.01,0.63
2023-03-29,3.80,3.75,3.82,3.74,240591,90792265.00,2.10,-1.57,-0.06,0.70
2023-03-30,3.75,3.72,3.76,3.68,263946,98483587.00,2.13,-0.80,-0.03,0.77
2023-03-31,3.73,3.71,3.74,3.70,179422,66922156.00,1.08,-0.27,-0.01,0.52
2023-04-03,3.72,3.79,3.80,3.71,405233,153218527.00,2.43,2.16,0.08,1.18
2023-04-04,3.81,3.83,3.85,3.79,325836,124840080.00,1.58,1.06,0.04,0.95
2023-04-06,3.84,3.80,3.84,3.80,230291,88183221.00,1.04,-0.78,-0.03,0.67
2023-04-07,3.82,3.82,3.84,3.79,219430,84016548.00,1.32,0.53,0.02,0.64
2023-04-10,3.85,3.81,3.88,3.81,252722,97113076.00,1.83,-0.26,-0.01,0.73
2023-04-11,3.82,3.84,3.87,3.82,297901,114780468.00,1.31,0.79,0.03,0.86
2023-04-12,3.86,3.85,3.88,3.82,262170,101167048.00,1.56,0.26,0.01,0.76
2023-04-13,3.85,3.83,3.85,3.81,231528,88921888.00,1.04,-0.52,-0.02,0.67
2023-04-14,3.84,3.82,3.85,3.81,214415,82313403.00,1.04,-0.26,-0.01,0.62
2023-04-17,3.83,3.91,3.92,3.82,461395,179826978.00,2.62,2.36,0.09,1.34
2023-04-18,3.91,3.92,3.95,3.89,381888,150090977.00,1.53,0.26,0.01,1.11
2023-04-19,3.92,3.87,3.93,3.86,312122,121604906.00,1.79,-1.28,-0.05,0.91
2023-04-20,3.87,3.94,3.94,3.84,400471,156038611.00,2.58,1.81,0.07,1.16
2023-04-21,3.97,3.79,3.97,3.77,680431,262120278.00,5.08,-3.81,-0.15,1.97
2023-04-24,3.77,3.77,3.82,3.75,422515,160394284.00,1.85,-0.53,-0.02,1.23
2023-04-25,3.76,3.79,3.80,3.73,356569,134778183.00,1.86,0.53,0.02,1.03
2023-04-26,3.77,3.80,3.80,3.75,238793,90375815.00,1.32,0.26,0.01,0.69
2023-04-27,3.80,3.85,3.85,3.77,328897,125792443.00,2.11,1.32,0.05,0.95
2023-04-28,3.84,3.95,3.97,3.84,630736,248205277.00,3.38,2.60,0.10,1.83
2023-05-04,3.92,3.97,3.98,3.91,446336,177263420.00,1.77,0.51,0.02,1.29
2023-05-05,3.97,3.98,4.05,3.96,636811,256054466.00,2.27,0.25,0.01,1.85
2023-05-08,3.99,4.04,4.06,3.96,536863,216367901.00,2.51,1.51,0.06,1.56
2023-05-09,4.03,4.06,4.19,4.02,1229657,507189672.00,4.21,0.50,0.02,3.57
2023-05-10,4.00,3.98,4.06,3.95,633497,254066545.00,2.71,-1.97,-0.08,1.84
2023-05-11,3.99,3.98,4.03,3.97,345624,138504363.00,1.51,0.00,0.00,1.00
2023-05-12,3.99,3.95,4.01,3.95,256042,102205214.00,1.51,-0.75,-0.03,0.74
2023-05-15,3.95,4.00,4.01,3.87,442387,174711011.00,3.54,1.27,0.05,1.28
2023-05-16,4.00,3.95,4.03,3.93,260411,103895741.00,2.50,-1.25,-0.05,0.76
2023-05-17,3.93,3.94,3.97,3.91,214222,84571847.00,1.52,-0.25,-0.01,0.62
2023-05-18,3.95,3.92,3.96,3.90,262703,103390758.00,1.52,-0.51,-0.02,0.76
2023-05-19,3.91,3.85,3.92,3.84,324832,125944955.00,2.04,-1.79,-0.07,0.94
2023-05-22,3.85,3.82,3.86,3.81,244530,93880333.00,1.30,-0.78,-0.03,0.71
2023-05-23,3.82,3.77,3.83,3.77,262740,99962829.00,1.57,-1.31,-0.05,0.76
2023-05-24,3.75,3.74,3.80,3.74,271331,102478417.00,1.59,-0.80,-0.03,0.79
2023-05-25,3.75,3.75,3.76,3.71,243321,91252209.00,1.34,0.27,0.01,0.71
2023-05-26,3.74,3.76,3.77,3.72,165486,62174952.00,1.33,0.27,0.01,0.48
2023-05-29,3.76,3.75,3.79,3.74,195501,73816648.00,1.33,-0.27,-0.01,0.57
2023-05-30,3.74,3.78,3.78,3.73,178073,66960801.00,1.33,0.80,0.03,0.52
2023-05-31,3.75,3.75,3.78,3.74,149055,56146582.00,1.06,-0.79,-0.03,0.43
2023-06-01,3.76,3.76,3.79,3.74,140775,53203279.00,1.33,0.27,0.01,0.41
2023-06-02,3.77,3.78,3.79,3.76,163434,61895627.00,0.80,0.53,0.02,0.47
2023-06-05,3.78,3.76,3.79,3.76,118405,44779317.00,0.79,-0.53,-0.02,0.34
2023-06-06,3.76,3.72,3.78,3.72,205191,77160227.00,1.60,-1.06,-0.04,0.60
2023-06-07,3.72,3.73,3.75,3.72,115512,43234688.00,0.81,0.27,0.01,0.34
2023-06-08,3.73,3.77,3.79,3.73,164670,62092735.00,1.61,1.07,0.04,0.48
2023-06-09,3.78,3.76,3.78,3.75,126154,47602585.00,0.80,-0.27,-0.01,0.37
2023-06-12,3.77,3.74,3.77,3.73,147428,55373830.00,1.06,-0.53,-0.02,0.43
2023-06-13,3.74,3.74,3.76,3.73,95932,35989441.00,0.80,0.00,0.00,0.28
2023-06-14,3.75,3.74,3.77,3.74,115821,43569288.00,0.80,0.00,0.00,0.34
2023-06-15,3.75,3.79,3.79,3.74,236524,89452898.00,1.34,1.34,0.05,0.69
2023-06-16,3.80,3.78,3.80,3.77,162310,61580288.00,0.79,-0.26,-0.01,0.47
2023-06-19,3.79,3.75,3.79,3.75,133646,50214791.00,1.06,-0.79,-0.03,0.39
2023-06-20,3.75,3.72,3.76,3.72,149889,56120073.00,1.07,-0.80,-0.03,0.43
2023-06-21,3.73,3.68,3.74,3.68,179350,66465532.00,1.61,-1.08,-0.04,0.52
2023-06-26,3.68,3.64,3.68,3.63,172122,62900682.00,1.36,-1.09,-0.04,0.50
2023-06-27,3.65,3.67,3.69,3.64,112266,41188467.00,1.37,0.82,0.03,0.33
2023-06-28,3.66,3.68,3.69,3.65,104105,38201161.00,1.09,0.27,0.01,0.30
2023-06-29,3.68,3.67,3.69,3.66,116640,42846807.00,0.82,-0.27,-0.01,0.34
2023-06-30,3.67,3.71,3.73,3.66,142910,52928682.00,1.91,1.09,0.04,0.41
2023-07-03,3.71,3.75,3.76,3.70,189247,70754727.00,1.62,1.08,0.04,0.55
2023-07-04,3.75,3.74,3.76,3.73,106853,39991111.00,0.80,-0.27,-0.01,0.31
2023-07-05,3.73,3.73,3.74,3.72,85620,31918132.00,0.53,-0.27,-0.01,0.25
2023-07-06,3.73,3.72,3.74,3.71,112392,41822999.00,0.80,-0.27,-0.01,0.33
2023-07-07,3.72,3.76,3.77,3.71,172171,64476352.00,1.61,1.08,0.04,0.50
2023-07-10,3.76,3.77,3.78,3.74,141964,53368239.00,1.06,0.27,0.01,0.41
2023-07-11,3.76,3.77,3.78,3.75,126725,47751042.00,0.80,0.00,0.00,0.37
2023-07-12,3.76,3.74,3.79,3.73,119986,45082119.00,1.59,-0.80,-0.03,0.35
2023-07-13,3.75,3.78,3.80,3.74,178396,67447496.00,1.60,1.07,0.04,0.52
2023-07-14,3.79,3.76,3.79,3.76,93186,35136695.00,0.79,-0.53,-0.02,0.27
2023-07-17,3.77,3.79,3.79,3.75,141601,53446181.00,1.06,0.80,0.03,0.41
2023-07-18,3.79,3.78,3.80,3.76,145523,55004924.00,1.06,-0.26,-0.01,0.42
2023-07-19,3.78,3.80,3.81,3.77,153115,57996464.00,1.06,0.53,0.02,0.44
2023-07-20,3.81,3.78,3.83,3.78,178294,67875985.00,1.32,-0.53,-0.02,0.52
2023-07-21,3.79,3.82,3.84,3.78,206132,78718815.00,1.59,1.06,0.04,0.60
2023-07-24,3.82,3.81,3.84,3.80,150007,57249386.00,1.05,-0.26,-0.01,0.44
2023-07-25,3.91,3.95,3.97,3.86,812572,319100292.00,2.89,3.67,0.14,2.36
2023-07-26,3.95,4.00,4.00,3.92,693102,274725517.00,2.03,1.27,0.05,2.01
2023-07-27,3.97,3.95,3.99,3.93,407030,161189392.00,1.50,-1.25,-0.05,1.18
2023-07-28,3.94,4.35,4.35,3.93,2742670,1162344794.00,10.63,10.13,0.40,7.96
2023-07-31,4.50,4.45,4.69,4.41,3896060,1770193720.00,6.44,2.30,0.10,11.30
2023-08-01,4.37,4.59,4.64,4.31,2968024,1336338053.00,7.42,3.15,0.14,8.61
2023-08-02,4.50,4.52,4.65,4.47,1964951,895308639.00,3.92,-1.53,-0.07,5.70
2023-08-03,4.67,4.63,4.76,4.47,2681587,1237689888.00,6.42,2.43,0.11,7.78
2023-08-04,4.73,4.63,4.96,4.58,3946708,1861405304.00,8.21,0.00,0.00,11.45
2023-08-07,4.60,4.78,4.80,4.55,2909217,1362017222.00,5.40,3.24,0.15,8.44
2023-08-08,4.69,4.58,4.69,4.47,2319003,1063109503.00,4.60,-4.18,-0.20,6.73
2023-08-09,4.55,4.50,4.60,4.47,1138355,515212965.00,2.84,-1.75,-0.08,3.30
2023-08-10,4.51,4.57,4.60,4.47,1534192,695504518.00,2.89,1.56,0.07,4.45
2023-08-11,4.52,4.69,5.03,4.39,3991324,1881288508.00,14.00,2.63,0.12,11.58
2023-08-14,4.54,4.51,4.65,4.40,2944092,1324867155.00,5.33,-3.84,-0.18,8.54
2023-08-15,4.41,4.51,4.53,4.37,1988759,884370999.00,3.55,0.00,0.00,5.77
2023-08-16,4.45,4.55,4.65,4.36,2294061,1039545551.00,6.43,0.89,0.04,6.65
2023-08-17,4.48,4.73,4.83,4.46,3116854,1442853875.00,8.13,3.96,0.18,9.04
2023-08-18,4.68,4.47,4.72,4.46,1951074,889743401.00,5.50,-5.50,-0.26,5.66
2023-08-21,4.37,4.25,4.46,4.24,1514851,655374320.00,4.92,-4.92,-0.22,4.39
2023-08-22,4.27,4.29,4.34,4.20,1242395,530184284.00,3.29,0.94,0.04,3.60
2023-08-23,4.25,4.15,4.26,4.13,1194281,499953381.00,3.03,-3.26,-0.14,3.46
2023-08-24,4.15,4.16,4.25,4.15,883732,370855864.00,2.41,0.24,0.01,2.56
2023-08-25,4.16,4.19,4.25,4.14,829554,348143818.00,2.64,0.72,0.03,2.41
2023-08-28,4.61,4.34,4.61,4.33,2782707,1254605965.00,6.68,3.58,0.15,8.07
2023-08-29,4.36,4.31,4.39,4.20,1768991,757158752.00,4.38,-0.69,-0.03,5.13
2023-08-30,4.26,4.18,4.28,4.17,1003330,422490775.00,2.55,-3.02,-0.13,2.91
2023-08-31,4.19,4.09,4.22,4.08,844978,348885986.00,3.35,-2.15,-0.09,2.45
2023-09-01,4.13,4.10,4.14,4.07,603877,247518746.00,1.71,0.24,0.01,1.75
2023-09-04,4.11,4.11,4.14,4.07,606520,249142193.00,1.71,0.24,0.01,1.76
2023-09-05,4.10,4.05,4.11,4.03,549230,222982513.00,1.95,-1.46,-0.06,1.59
2023-09-06,4.04,4.04,4.07,4.03,467049,188884058.00,0.99,-0.25,-0.01,1.35
2023-09-07,4.03,4.01,4.06,3.99,551120,222118861.00,1.73,-0.74,-0.03,1.60
2023-09-08,4.00,4.03,4.06,3.98,422298,169409927.00,2.00,0.50,0.02,1.22
2023-09-11,4.03,4.08,4.11,4.01,631586,256832616.00,2.48,1.24,0.05,1.83
2023-09-12,4.06,4.07,4.12,4.06,425258,174000801.00,1.47,-0.25,-0.01,1.23
2023-09-13,4.06,4.02,4.08,4.00,373320,150600664.00,1.97,-1.23,-0.05,1.08
2023-09-14,4.02,4.04,4.08,4.01,404171,163647409.00,1.74,0.50,0.02,1.17
2023-09-15,4.06,4.03,4.09,4.01,455149,184271852.00,1.98,-0.25,-0.01,1.32
2023-09-18,4.02,4.03,4.04,3.99,361341,145109489.00,1.24,0.00,0.00,1.05
2023-09-19,4.03,4.03,4.06,4.01,357279,144070029.00,1.24,0.00,0.00,1.04
2023-09-20,4.02,3.99,4.04,3.99,309784,124233705.00,1.24,-0.99,-0.04,0.90
2023-09-21,3.99,4.00,4.04,3.98,323351,129519981.00,1.50,0.25,0.01,0.94
2023-09-22,4.00,4.08,4.09,3.98,658164,266759690.00,2.75,2.00,0.08,1.91
2023-09-25,4.06,3.99,4.06,3.98,477459,191472750.00,1.96,-2.21,-0.09,1.38
2023-09-26,3.98,3.98,4.01,3.98,255009,101819111.00,0.75,-0.25,-0.01,0.74
2023-09-27,3.99,3.97,4.01,3.97,285798,114050063.00,1.01,-0.25,-0.01,0.83
2023-09-28,3.98,3.96,3.99,3.95,371668,147414482.00,1.01,-0.25,-0.01,1.08
2023-10-09,3.94,3.93,3.95,3.89,367409,143845342.00,1.52,-0.76,-0.03,1.07
2023-10-10,3.93,3.89,3.96,3.88,305937,119537889.00,2.04,-1.02,-0.04,0.89
2023-10-11,3.90,3.88,3.93,3.87,334293,130251279.00,1.54,-0.26,-0.01,0.97
2023-10-12,3.92,3.91,3.94,3.89,368098,143897542.00,1.29,0.77,0.03,1.07
2023-10-13,3.89,3.87,3.91,3.86,256995,99749371.00,1.28,-1.02,-0.04,0.75
2023-10-16,3.87,3.89,3.91,3.85,329808,128118819.00,1.55,0.52,0.02,0.96
2023-10-17,3.90,3.95,3.98,3.88,454880,179045263.00,2.57,1.54,0.06,1.32
2023-10-18,3.94,3.93,3.96,3.91,352315,138739376.00,1.27,-0.51,-0.02,1.02
2023-10-19,3.91,3.94,4.01,3.90,534297,211788360.00,2.80,0.25,0.01,1.55
2023-10-20,3.90,3.96,3.98,3.90,472367,186710793.00,2.03,0.51,0.02,1.37
2023-10-23,3.95,3.80,3.95,3.78,510131,196105469.00,4.29,-4.04,-0.16,1.48
2023-10-24,3.82,3.98,3.99,3.82,791859,310706180.00,4.47,4.74,0.18,2.30
2023-10-25,4.00,3.93,4.01,3.92,513996,203485848.00,2.26,-1.26,-0.05,1.49
2023-10-26,3.90,3.95,3.96,3.89,401108,157654352.00,1.78,0.51,0.02,1.16
2023-10-27,3.91,3.96,3.97,3.90,418013,164539729.00,1.77,0.25,0.01,1.21
2023-10-30,3.94,3.93,3.96,3.90,521596,204587238.00,1.52,-0.76,-0.03,1.51
2023-10-31,3.92,3.91,3.95,3.89,402339,157622410.00,1.53,-0.51,-0.02,1.17
2023-11-01,3.93,3.89,3.93,3.89,309792,120993142.00,1.02,-0.51,-0.02,0.90
2023-11-02,3.89,3.85,3.91,3.85,362599,140586074.00,1.54,-1.03,-0.04,1.05
2023-11-03,3.86,3.87,3.90,3.84,302095,116976942.00,1.56,0.52,0.02,0.88
2023-11-06,3.97,4.03,4.04,3.93,1024612,408412016.00,2.84,4.13,0.16,2.97
2023-11-07,4.01,4.06,4.10,3.98,816084,330972437.00,2.98,0.74,0.03,2.37
2023-11-08,4.05,4.00,4.06,3.97,568444,228165629.00,2.22,-1.48,-0.06,1.65
2023-11-09,4.01,3.98,4.03,3.96,409733,163560726.00,1.75,-0.50,-0.02,1.19
2023-11-10,3.97,3.99,4.01,3.96,414324,165354945.00,1.26,0.25,0.01,1.20
2023-11-13,4.00,3.98,4.00,3.95,326123,129648267.00,1.25,-0.25,-0.01,0.95
2023-11-14,3.98,4.05,4.07,3.97,650902,262182103.00,2.51,1.76,0.07,1.89
2023-11-15,4.08,4.04,4.10,4.03,552815,224714589.00,1.73,-0.25,-0.01,1.60
2023-11-16,4.03,4.01,4.05,4.01,325615,131216371.00,0.99,-0.74,-0.03,0.94
2023-11-17,4.00,4.02,4.02,3.99,293080,117338144.00,0.75,0.25,0.01,0.85
2023-11-20,4.03,4.01,4.03,3.97,294138,117548813.00,1.49,-0.25,-0.01,0.85
2023-11-21,4.02,4.00,4.06,3.99,417538,168165595.00,1.75,-0.25,-0.01,1.21
2023-11-22,3.99,3.96,4.01,3.96,301038,119887620.00,1.25,-1.00,-0.04,0.87
2023-11-23,3.96,3.98,3.98,3.94,270492,107122088.00,1.01,0.51,0.02,0.78
2023-11-24,3.97,3.95,3.98,3.94,228962,90464402.00,1.01,-0.75,-0.03,0.66
2023-11-27,3.93,3.91,3.94,3.90,244374,95681474.00,1.01,-1.01,-0.04,0.71
2023-11-28,3.90,3.93,3.94,3.90,261534,102654621.00,1.02,0.51,0.02,0.76
2023-11-29,3.93,3.90,3.94,3.89,216769,84779173.00,1.27,-0.76,-0.03,0.63
2023-11-30,3.90,3.90,3.93,3.88,234535,91621651.00,1.28,0.00,0.00,0.68
2023-12-01,3.90,3.93,3.94,3.89,228520,89440331.00,1.28,0.77,0.03,0.66
2023-12-04,3.93,3.92,3.95,3.92,219844,86498427.00,0.76,-0.25,-0.01,0.64
2023-12-05,3.91,3.89,3.95,3.88,317503,124255737.00,1.79,-0.77,-0.03,0.92
2023-12-06,3.88,3.89,3.91,3.88,199856,77825165.00,0.77,0.00,0.00,0.58
2023-12-07,3.88,3.92,3.93,3.87,236847,92523281.00,1.54,0.77,0.03,0.69
2023-12-08,3.92,3.88,3.94,3.87,267174,104415106.00,1.79,-1.02,-0.04,0.77
2023-12-11,3.89,3.97,3.98,3.83,543549,212601794.00,3.87,2.32,0.09,1.58
2023-12-12,3.96,3.97,3.99,3.95,261272,103652802.00,1.01,0.00,0.00,0.76
2023-12-13,3.97,3.94,3.98,3.93,204677,80958916.00,1.26,-0.76,-0.03,0.59
2023-12-14,3.95,3.93,3.96,3.92,174706,68840596.00,1.02,-0.25,-0.01,0.51
2023-12-15,3.94,3.92,3.97,3.91,274401,108015354.00,1.53,-0.25,-0.01,0.80
2023-12-18,3.92,3.88,3.94,3.87,214518,83789086.00,1.79,-1.02,-0.04,0.62
2023-12-19,3.88,3.87,3.90,3.84,248476,96237006.00,1.55,-0.26,-0.01,0.72
2023-12-20,3.87,3.77,3.87,3.77,374727,142937184.00,2.58,-2.58,-0.10,1.09
2023-12-21,3.75,3.77,3.79,3.73,301168,113258360.00,1.59,0.00,0.00,0.87
2023-12-22,3.76,3.73,3.78,3.72,260198,97455642.00,1.59,-1.06,-0.04,0.75
2023-12-25,3.72,3.69,3.74,3.68,227366,84100792.00,1.61,-1.07,-0.04,0.66
2023-12-26,3.69,3.65,3.69,3.63,230880,84540955.00,1.63,-1.08,-0.04,0.67
2023-12-27,3.66,3.72,3.74,3.64,298712,110435676.00,2.74,1.92,0.07,0.87
2023-12-28,3.71,3.80,3.82,3.70,353631,133604563.00,3.23,2.15,0.08,1.03
2023-12-29,3.80,3.83,3.84,3.79,300496,114748349.00,1.32,0.79,0.03,0.87
2024-01-02,3.82,3.79,3.83,3.78,187610,71365934.00,1.31,-1.04,-0.04,0.54
2024-01-03,3.78,3.79,3.82,3.76,193414,73315092.00,1.58,0.00,0.00,0.56
2024-01-04,3.79,3.77,3.79,3.75,176914,66647543.00,1.06,-0.53,-0.02,0.51
2024-01-05,3.77,3.73,3.79,3.72,203878,76655922.00,1.86,-1.06,-0.04,0.59
2024-01-08,3.73,3.67,3.73,3.67,207710,76631652.00,1.61,-1.61,-0.06,0.60
2024-01-09,3.67,3.66,3.69,3.63,249588,91445200.00,1.63,-0.27,-0.01,0.72
2024-01-10,3.65,3.64,3.68,3.61,165697,60434346.00,1.91,-0.55,-0.02,0.48
2024-01-11,3.65,3.68,3.70,3.64,234723,86207397.00,1.65,1.10,0.04,0.68
2024-01-12,3.68,3.66,3.72,3.66,196716,72632821.00,1.63,-0.54,-0.02,0.57
2024-01-15,3.66,3.68,3.71,3.63,204614,75213068.00,2.19,0.55,0.02,0.59
2024-01-16,3.67,3.71,3.71,3.64,276270,101716635.00,1.90,0.82,0.03,0.80
2024-01-17,3.70,3.65,3.72,3.65,215587,79530819.00,1.89,-1.62,-0.06,0.63
2024-01-18,3.63,3.66,3.68,3.55,461339,166184070.00,3.56,0.27,0.01,1.34
2024-01-19,3.64,3.67,3.68,3.61,280110,101915780.00,1.91,0.27,0.01,0.81
2024-01-22,3.64,3.55,3.70,3.51,380619,137888920.00,5.18,-3.27,-0.12,1.10
2024-01-23,3.53,3.61,3.64,3.47,324907,116198007.00,4.79,1.69,0.06,0.94
2024-01-24,3.62,3.75,3.78,3.56,511522,187739043.00,6.09,3.88,0.14,1.48
2024-01-25,3.72,3.80,3.82,3.70,577669,217391623.00,3.20,1.33,0.05,1.68
2024-01-26,3.77,3.78,3.84,3.75,454796,172404338.00,2.37,-0.53,-0.02,1.32
2024-01-29,3.79,3.71,3.80,3.71,330168,123633666.00,2.38,-1.85,-0.07,0.96
2024-01-30,3.70,3.63,3.74,3.60,384603,141747128.00,3.77,-2.16,-0.08,1.12
2024-01-31,3.62,3.57,3.67,3.56,464262,167533515.00,3.03,-1.65,-0.06,1.35
2024-02-01,3.57,3.53,3.63,3.50,409241,145803495.00,3.64,-1.12,-0.04,1.19
2024-02-02,3.53,3.46,3.57,3.40,522816,182198189.00,4.82,-1.98,-0.07,1.52
2024-02-05,3.43,3.36,3.45,3.25,510436,172022113.00,5.78,-2.89,-0.10,1.48
2024-02-06,3.31,3.58,3.61,3.31,565486,196841926.00,8.93,6.55,0.22,1.64
2024-02-07,3.57,3.68,3.70,3.56,651212,237713012.00,3.91,2.79,0.10,1.89
2024-02-08,3.70,3.65,3.79,3.61,807532,300009454.00,4.89,-0.82,-0.03,2.34
2024-02-19,3.67,3.63,3.67,3.60,506662,184042604.00,1.92,-0.55,-0.02,1.47
2024-02-20,3.62,3.65,3.68,3.59,414696,150787530.00,2.48,0.55,0.02,1.20
2024-02-21,3.63,3.68,3.78,3.61,663456,245930549.00,4.66,0.82,0.03,1.92
2024-02-22,3.68,3.71,3.73,3.65,395041,145937889.00,2.17,0.82,0.03,1.15
2024-02-23,3.71,3.73,3.74,3.67,465744,172710706.00,1.89,0.54,0.02,1.35
2024-02-26,3.72,3.70,3.75,3.69,377135,140041711.00,1.61,-0.80,-0.03,1.09
2024-02-27,3.69,3.78,3.78,3.68,443265,165597932.00,2.70,2.16,0.08,1.29
2024-02-28,3.81,3.74,3.89,3.74,992269,380098159.00,3.97,-1.06,-0.04,2.88
2024-02-29,3.70,3.83,3.83,3.70,631313,238350865.00,3.48,2.41,0.09,1.83
2024-03-01,3.81,3.84,3.86,3.78,460264,175608862.00,2.09,0.26,0.01,1.34
2024-03-04,3.82,3.78,3.83,3.76,330632,125060160.00,1.82,-1.56,-0.06,0.96
2024-03-05,3.77,3.73,3.78,3.71,344083,128509856.00,1.85,-1.32,-0.05,1.00
2024-03-06,3.72,3.74,3.80,3.71,312065,116873848.00,2.41,0.27,0.01,0.91
2024-03-07,3.74,3.71,3.78,3.69,363718,135939169.00,2.41,-0.80,-0.03,1.06
2024-03-08,3.71,3.72,3.73,3.69,219586,81463908.00,1.08,0.27,0.01,0.64
2024-03-11,3.73,3.78,3.78,3.71,329839,123423980.00,1.88,1.61,0.06,0.96
2024-03-12,3.78,3.78,3.83,3.75,369975,139895913.00,2.12,0.00,0.00,1.07
2024-03-13,3.78,3.74,3.79,3.73,288561,108102417.00,1.59,-1.06,-0.04,0.84
2024-03-14,3.73,3.71,3.76,3.69,275550,102640129.00,1.87,-0.80,-0.03,0.80
2024-03-15,3.71,3.80,3.87,3.70,608019,229351303.00,4.58,2.43,0.09,1.76
2024-03-18,3.81,3.87,3.89,3.80,662441,254519790.00,2.37,1.84,0.07,1.92
2024-03-19,3.85,3.81,3.86,3.80,319731,122234237.00,1.55,-1.55,-0.06,0.93
2024-03-20,3.81,3.81,3.83,3.78,313150,119086148.00,1.31,0.00,0.00,0.91
2024-03-21,3.82,3.81,3.85,3.78,420573,160669877.00,1.84,0.00,0.00,1.22
2024-03-22,3.81,3.74,3.81,3.72,380877,143226519.00,2.36,-1.84,-0.07,1.10
2024-03-25,3.74,3.66,3.74,3.65,434657,160401273.00,2.41,-2.14,-0.08,1.26
2024-03-26,3.65,3.66,3.69,3.64,242167,88727142.00,1.37,0.00,0.00,0.70
2024-03-27,3.66,3.59,3.67,3.58,283461,102950150.00,2.46,-1.91,-0.07,0.82
2024-03-28,3.59,3.61,3.65,3.59,265564,95918541.00,1.67,0.56,0.02,0.77
2024-03-29,3.62,3.64,3.64,3.58,239815,86775165.00,1.66,0.83,0.03,0.70
2024-04-01,3.67,3.69,3.70,3.67,261225,96234050.00,0.82,1.37,0.05,0.76
2024-04-02,3.69,3.67,3.70,3.65,241623,88754542.00,1.36,-0.54,-0.02,0.70
2024-04-03,3.67,3.66,3.68,3.65,165622,60599645.00,0.82,-0.27,-0.01,0.48
2024-04-08,3.65,3.59,3.65,3.59,240950,87057661.00,1.64,-1.91,-0.07,0.70
2024-04-09,3.60,3.60,3.63,3.59,194553,70108474.00,1.11,0.28,0.01,0.56
2024-04-10,3.59,3.53,3.60,3.52,260424,92640497.00,2.22,-1.94,-0.07,0.76
2024-04-11,3.53,3.54,3.58,3.52,178843,63635234.00,1.70,0.28,0.01,0.52
2024-04-12,3.53,3.49,3.56,3.49,201592,70887034.00,1.98,-1.41,-0.05,0.58
2024-04-15,3.49,3.56,3.60,3.44,373227,131988645.00,4.58,2.01,0.07,1.08
2024-04-16,3.54,3.43,3.56,3.42,413410,144542992.00,3.93,-3.65,-0.13,1.20
2024-04-17,3.46,3.53,3.54,3.45,294153,102885765.00,2.62,2.92,0.10,0.85
2024-04-18,3.52,3.54,3.59,3.50,312633,111037340.00,2.55,0.28,0.01,0.91
2024-04-19,3.52,3.54,3.58,3.52,262727,93273976.00,1.69,0.00,0.00,0.76
2024-04-22,3.53,3.54,3.58,3.51,208121,73738211.00,1.98,0.00,0.00,0.60
2024-04-23,3.55,3.53,3.56,3.52,170859,60549979.00,1.13,-0.28,-0.01,0.50
2024-04-24,3.53,3.52,3.54,3.50,231268,81321595.00,1.13,-0.28,-0.01,0.67
2024-04-25,3.51,3.52,3.54,3.49,173513,60993187.00,1.42,0.00,0.00,0.50
2024-04-26,3.60,3.71,3.72,3.56,794599,289174904.00,4.55,5.40,0.19,2.30
2024-04-29,3.71,3.84,3.87,3.71,1171249,446972334.00,4.31,3.50,0.13,3.40
2024-04-30,3.82,3.78,3.84,3.77,575067,218635332.00,1.82,-1.56,-0.06,1.67
2024-05-06,3.85,3.82,3.87,3.79,456571,174725015.00,2.12,1.06,0.04,1.32
2024-05-07,3.82,3.80,3.83,3.77,359401,136449175.00,1.57,-0.52,-0.02,1.04
2024-05-08,3.80,3.73,3.80,3.73,318271,119543538.00,1.84,-1.84,-0.07,0.92
2024-05-09,3.73,3.76,3.79,3.73,297496,111949560.00,1.61,0.80,0.03,0.86
2024-05-10,3.77,3.78,3.79,3.73,301406,113442471.00,1.60,0.53,0.02,0.87
2024-05-13,3.76,3.78,3.81,3.72,358699,135177620.00,2.38,0.00,0.00,1.04
2024-05-14,3.78,3.80,3.80,3.75,309176,116820911.00,1.32,0.53,0.02,0.90
2024-05-15,3.83,3.72,3.84,3.72,406934,152908781.00,3.16,-2.11,-0.08,1.18
2024-05-16,3.74,3.71,3.77,3.70,285348,106541553.00,1.88,-0.27,-0.01,0.83
2024-05-17,3.70,3.77,3.77,3.69,287835,107344140.00,2.16,1.62,0.06,0.83
2024-05-20,3.75,3.76,3.80,3.74,297723,112216205.00,1.59,-0.27,-0.01,0.86
2024-05-21,3.74,3.72,3.75,3.70,222852,83031751.00,1.33,-1.06,-0.04,0.65
2024-05-22,3.72,3.73,3.74,3.71,174255,64957286.00,0.81,0.27,0.01,0.51
2024-05-23,3.73,3.64,3.73,3.63,322958,118301664.00,2.68,-2.41,-0.09,0.94
2024-05-24,3.64,3.60,3.66,3.59,215946,78377452.00,1.92,-1.10,-0.04,0.63
2024-05-27,3.60,3.63,3.64,3.58,199470,71917326.00,1.67,0.83,0.03,0.58
2024-05-28,3.62,3.59,3.64,3.58,197767,71338426.00,1.65,-1.10,-0.04,0.57
2024-05-29,3.59,3.60,3.63,3.58,155744,56177267.00,1.39,0.28,0.01,0.45
2024-05-30,3.60,3.60,3.62,3.58,164999,59345795.00,1.11,0.00,0.00,0.48
2024-05-31,3.61,3.60,3.63,3.60,164228,59333402.00,0.83,0.00,0.00,0.48
2024-06-03,3.59,3.56,3.60,3.54,266794,95105215.00,1.67,-1.11,-0.04,0.77
2024-06-04,3.56,3.59,3.60,3.55,224880,80455624.00,1.40,0.84,0.03,0.65
2024-06-05,3.59,3.56,3.60,3.56,193983,69462200.00,1.11,-0.84,-0.03,0.56
2024-06-06,3.56,3.50,3.59,3.48,338281,118963762.00,3.09,-1.69,-0.06,0.98
2024-06-07,3.52,3.50,3.53,3.43,346193,120726987.00,2.86,0.00,0.00,1.00
2024-06-11,3.48,3.51,3.54,3.47,188517,66024122.00,2.00,0.29,0.01,0.55
2024-06-12,3.51,3.50,3.52,3.49,164112,57483267.00,0.85,-0.28,-0.01,0.48
2024-06-13,3.50,3.48,3.51,3.46,220598,76736452.00,1.43,-0.57,-0.02,0.64
